{"metadata":{"formatVersion":2,"generatedBy":"LeapJS Playback 0.2.1","frames":232,"protocolVersion":6,"serviceVersion":"3.2.0+45899","frameRate":"73","modified":"Tue Feb 14 2017 16:07:08 GMT+0100 (Romance Standard Time)"},"frames":[["id","timestamp",{"hands":[["id","type","direction","palmNormal","palmPosition","palmVelocity","stabilizedPalmPosition","pinchStrength","grabStrength","confidence","armBasis","armWidth","elbow","wrist"]]},{"pointables":[["id","direction","handId","length","stabilizedTipPosition","tipPosition","tipVelocity","tool","carpPosition","mcpPosition","pipPosition","dipPosition","btipPosition","bases","type"]]},{"interactionBox":["center","size"]}],[1809,711577463890,[[1,"right",[-0.357423,-0.0524407,-0.932469],[-0.0927211,-0.991497,0.0913011],[42.1654,105.605,-35.3242],[1.76184,35.3465,44.3891],[39.3604,105.825,-36.0559],0,0,1,[[0.817462,0.0434987,-0.574338],[0.282646,0.838535,0.465801],[0.501864,-0.543109,0.673175]],65.7188,[207.356,-34.5586,202.141],[77.3152,106.169,27.711]]],[[10,[-0.392957,-0.259449,-0.882197],1,47.4284,[-4.67189,89.421,-53.6111],[-5.89418,88.6441,-47.765],[21.7134,-90.9771,113.308],false,[42.6584,104.716,23.6348],[42.6584,104.716,23.6348],[5.64781,106.516,-6.72778],[-6.54511,98.4652,-34.1012],[-6.05173,88.7996,-53.0736],[[[0.387147,0.828667,-0.404264],[-0.566962,0.559722,0.604371],[0.727098,-0.00477808,0.686517]],[[0.378553,0.828665,-0.412324],[-0.509724,0.558482,0.65443],[0.772579,-0.0375652,0.633806]],[[0.378553,0.828665,-0.412324],[-0.838023,0.495984,0.227415],[0.392957,0.259449,0.882197]],[[0.378553,0.828665,-0.412324],[-0.92529,0.327661,-0.190991],[-0.0231652,0.45382,0.890792]]],0],[11,[-0.210153,-0.32168,-0.923232],1,53.5177,[-1.00787,85.5198,-119.198],[-4.24631,86.6563,-116.08],[-113.697,118.863,17.8987],false,[48.0406,121.902,9.83434],[11.4533,109.263,-49.4888],[3.23671,96.6865,-85.5852],[-1.38587,89.6107,-105.893],[-4.65349,84.609,-120.248],[[[0.856124,-0.126207,-0.501123],[0.0162812,0.975825,-0.217945],[0.516514,0.178429,0.837482]],[[0.977634,-0.0612474,-0.201197],[-0.0081752,0.944866,-0.327356],[0.210153,0.32168,0.923232]],[[0.977634,-0.0612474,-0.201197],[-0.0081752,0.944866,-0.327356],[0.210153,0.32168,0.923232]],[[0.977634,-0.0612474,-0.201197],[-0.0081752,0.944866,-0.327356],[0.210153,0.32168,0.923232]]],1],[12,[-0.328708,-0.393104,-0.858732],1,60.9791,[6.41679,79.6868,-130.637],[3.794,82.7457,-129.7],[-123.009,-125.961,87.5912],false,[57.7501,121.922,3.15006],[31.2497,108.796,-57.1648],[17.1206,93.6857,-95.845],[8.61411,83.5127,-118.068],[2.99266,76.79,-132.753],[[[0.902632,-0.265433,-0.338823],[0.172121,0.944121,-0.281088],[0.3945,0.195401,0.89788]],[[0.937665,-0.244483,-0.247005],[0.1305,0.906402,-0.401753],[0.322107,0.344476,0.881807]],[[0.937665,-0.244483,-0.247005],[0.112847,0.886395,-0.448964],[0.328708,0.393104,0.858732]],[[0.937665,-0.244483,-0.247005],[0.112847,0.886395,-0.448964],[0.328708,0.393104,0.858732]]],2],[13,[-0.385199,-0.427476,-0.817854],1,58.633,[26.1683,80.4922,-129.084],[24.0204,83.8444,-127.2],[-160.551,-97.1989,84.6926],false,[68.141,119.469,-1.78582],[52.954,106.623,-58.7229],[38.0134,92.8964,-93.9599],[28.3025,82.1196,-114.578],[21.7528,74.8511,-128.484],[[[0.935287,-0.304197,-0.180839],[0.248658,0.928492,-0.275812],[0.251809,0.212996,0.944047]],[[0.910353,-0.321282,-0.260836],[0.190373,0.884767,-0.425377],[0.367446,0.337587,0.866613]],[[0.910353,-0.321282,-0.260836],[0.151261,0.84501,-0.512912],[0.385199,0.427477,0.817854]],[[0.910353,-0.321282,-0.260836],[0.151261,0.84501,-0.512912],[0.385199,0.427477,0.817854]]],3],[14,[-0.449378,-0.361107,-0.817106],1,45.9672,[49.375,85.8883,-113.95],[48.1851,88.524,-111.948],[-101.651,13.332,9.59941],false,[78.8477,111.109,-3.03147],[72.5988,100.714,-57.5282],[59.9281,93.8133,-86.2908],[51.9294,87.3858,-100.835],[44.8804,81.7214,-113.652],[[[0.904117,-0.426704,-0.0222859],[0.412365,0.885021,-0.216086],[0.111928,0.186177,0.97612]],[[0.848207,-0.459525,-0.263403],[0.354255,0.861884,-0.36285],[0.393761,0.21446,0.893845]],[[0.848207,-0.459525,-0.263403],[0.280364,0.811442,-0.512794],[0.449378,0.361107,0.817106]],[[0.848207,-0.459525,-0.263403],[0.280364,0.811442,-0.512794],[0.449378,0.361107,0.817106]]],4]],[[0,200,0],[235.247,235.247,147.751]]],[1810,711577473037,[[1,"right",[-0.357303,-0.0490562,-0.932699],[-0.0873795,-0.992484,0.0856744],[42.096,106.006,-35.357],[-7.58497,43.8016,-3.5876],[39.3793,105.827,-36.0511],0,0,1,[[0.81808,0.0483839,-0.573066],[0.276975,0.840133,0.466328],[0.504014,-0.540218,0.673895]],65.6954,[208.375,-33.9864,203.096],[77.3497,106.451,27.9072]]],[[10,[-0.387084,-0.25791,-0.885239],1,47.5186,[-4.6761,89.4265,-53.5961],[-5.87583,88.9034,-47.9098],[22.0732,8.71457,-33.6005],false,[42.606,104.78,23.7891],[42.606,104.78,23.7891],[5.59419,106.498,-6.82376],[-6.43934,98.4806,-34.3438],[-5.82111,88.8985,-53.4003],[[[0.382619,0.833019,-0.399602],[-0.569852,0.553224,0.607629],[0.727236,-0.00477694,0.686371]],[[0.375058,0.833024,-0.406697],[-0.516048,0.552081,0.654906],[0.770082,-0.0357529,0.636943]],[[0.375058,0.833024,-0.406697],[-0.842317,0.489442,0.225719],[0.387084,0.25791,0.885239]],[[0.375058,0.833024,-0.406697],[-0.926548,0.32316,-0.192551],[-0.028972,0.449042,0.893041]]],0],[11,[-0.20605,-0.305377,-0.929671],1,53.6195,[-1.25413,85.67,-119.059],[-4.20241,87.2655,-116.299],[8.6757,161.433,-71.4133],false,[47.8865,122.122,10.0015],[11.2614,109.591,-49.5423],[3.19,97.629,-85.9596],[-1.35095,90.8991,-106.448],[-4.56086,86.1419,-120.93],[[[0.856699,-0.118756,-0.50196],[0.0110023,0.977122,-0.212394],[0.515699,0.176435,0.838406]],[[0.978487,-0.0542821,-0.199039],[-0.0103174,0.950683,-0.309992],[0.20605,0.305377,0.929671]],[[0.978487,-0.0542821,-0.199039],[-0.0103174,0.950683,-0.309992],[0.20605,0.305377,0.929671]],[[0.978487,-0.0542821,-0.199039],[-0.0103174,0.950683,-0.309992],[0.20605,0.305377,0.929671]]],1],[12,[-0.332444,-0.400304,-0.853954],1,61.0951,[5.59589,79.3191,-130.239],[3.83071,83.2353,-129.832],[-50.398,20.7036,-0.494251],false,[57.6331,122.232,3.29339],[31.1236,109.273,-57.249],[16.8302,94.1859,-95.9727],[8.21064,83.8069,-118.114],[2.51449,76.9481,-132.746],[[[0.903984,-0.258651,-0.340461],[0.166998,0.946615,-0.27574],[0.393606,0.192408,0.898918]],[[0.937492,-0.239058,-0.252904],[0.12382,0.908297,-0.39958],[0.325235,0.343289,0.881122]],[[0.937492,-0.239058,-0.252904],[0.102906,0.884651,-0.454755],[0.332444,0.400304,0.853954]],[[0.937492,-0.239058,-0.252904],[0.102906,0.884651,-0.454755],[0.332444,0.400304,0.853954]]],2],[13,[-0.385144,-0.430966,-0.816047],1,58.7445,[25.9829,80.2745,-128.861],[24.0286,84.4697,-127.303],[-10.0629,48.5513,-19.7011],false,[68.0776,119.855,-1.67189],[52.9101,107.218,-58.8278],[37.9473,93.5055,-94.1499],[28.2193,82.6201,-114.762],[21.6581,75.2783,-128.664],[[[0.936874,-0.298136,-0.182705],[0.243619,0.931367,-0.270564],[0.25083,0.208974,0.945206]],[[0.911642,-0.315108,-0.263848],[0.184402,0.887355,-0.422608],[0.367294,0.336613,0.867057]],[[0.911642,-0.315108,-0.263848],[0.143434,0.845562,-0.514248],[0.385144,0.430966,0.816047]],[[0.911642,-0.315108,-0.263848],[0.143434,0.845562,-0.514248],[0.385144,0.430966,0.816047]]],3],[14,[-0.449719,-0.363974,-0.815644],1,46.0546,[49.2761,85.8094,-113.845],[48.1583,89.2738,-112.053],[-3.49511,59.8774,-19.9317],false,[78.8701,111.534,-2.96928],[72.651,101.39,-57.6658],[59.9319,94.4674,-86.4705],[51.9119,87.9765,-101.016],[44.8441,82.2562,-113.835],[[[0.906391,-0.421709,-0.0248466],[0.407569,0.888437,-0.21111],[0.111102,0.181222,0.977146]],[[0.850468,-0.453489,-0.266554],[0.347937,0.865011,-0.361518],[0.394517,0.214716,0.89345]],[[0.850468,-0.453489,-0.266554],[0.272867,0.813554,-0.513491],[0.449719,0.363974,0.815644]],[[0.850468,-0.453489,-0.266554],[0.272867,0.813554,-0.513491],[0.449719,0.363974,0.815644]]],4]],[[0,200,0],[235.247,235.247,147.751]]],[1811,711577491435,[[1,"right",[-0.364151,-0.0512387,-0.929929],[-0.0796714,-0.993111,0.0859185],[42.0553,106.778,-35.0676],[-2.21078,41.9971,15.73],[39.4253,105.843,-36.0342],0,0,1,[[0.81889,0.049096,-0.571847],[0.27511,0.840844,0.466151],[0.50372,-0.539047,0.675052]],65.6756,[209.071,-33.0692,204.086],[77.78,107.43,28.1384]]],[[10,[-0.387033,-0.26423,-0.883395],1,47.5906,[-4.68105,89.4351,-53.5704],[-5.88132,89.4051,-47.3015],[16.5752,1.32153,27.7159],false,[43.0341,105.531,24.2268],[43.0341,105.531,24.2268],[5.80452,106.802,-6.34123],[-6.24567,98.5752,-33.8455],[-5.48292,88.9018,-52.8869],[[[0.373598,0.835864,-0.402188],[-0.569044,0.548936,0.612257],[0.732539,0.000125263,0.680725]],[[0.36516,0.835808,-0.40998],[-0.519381,0.548388,0.655373],[0.772594,-0.0263799,0.634352]],[[0.36516,0.835808,-0.40998],[-0.846678,0.481256,0.226999],[0.387033,0.26423,0.883395]],[[0.36516,0.835808,-0.40998],[-0.930261,0.310718,-0.195115],[-0.0356908,0.452637,0.890981]]],0],[11,[-0.212725,-0.292229,-0.93239],1,53.7007,[-1.86341,86.2296,-118.757],[-4.72348,87.8117,-115.783],[-41.7045,81.4203,10.3806],false,[48.0782,122.953,10.3388],[11.0064,110.159,-49.0489],[2.66085,98.6946,-85.628],[-2.0343,92.2447,-106.207],[-5.35321,87.6854,-120.754],[[[0.853611,-0.112483,-0.508621],[0.00242702,0.977256,-0.21205],[0.520905,0.179774,0.83447]],[[0.976974,-0.0475574,-0.207991],[-0.0164391,0.955165,-0.295617],[0.212725,0.292229,0.93239]],[[0.976974,-0.0475574,-0.207991],[-0.0164391,0.955165,-0.295617],[0.212725,0.292229,0.93239]],[[0.976974,-0.0475574,-0.207991],[-0.0164391,0.955165,-0.295617],[0.212725,0.292229,0.93239]]],1],[12,[-0.33756,-0.411764,-0.846466],1,61.1876,[4.58116,78.9098,-129.584],[3.21473,83.4887,-129.22],[-41.1646,-12.3123,42.0564],false,[57.8023,123.135,3.53732],[30.8618,109.984,-56.9297],[16.2929,94.4321,-95.4417],[7.52753,83.7399,-117.422],[1.73497,76.6739,-131.947],[[[0.903135,-0.2521,-0.347553],[0.158141,0.94788,-0.276614],[0.399173,0.194857,0.895931]],[[0.93705,-0.232394,-0.260635],[0.111248,0.906171,-0.408017],[0.331001,0.353337,0.874981]],[[0.93705,-0.232394,-0.260635],[0.089393,0.88116,-0.46429],[0.33756,0.411764,0.846466]],[[0.93705,-0.232394,-0.260635],[0.089393,0.88116,-0.46429],[0.33756,0.411764,0.846466]]],2],[13,[-0.395001,-0.450414,-0.800688],1,58.8335,[25.6237,79.9364,-128.454],[23.331,84.4965,-126.698],[-55.9784,-16.9618,52.1096],false,[68.258,120.829,-1.52106],[52.7064,108.08,-58.6824],[37.3187,93.966,-93.7341],[27.3266,82.5721,-113.989],[20.5873,74.8874,-127.65],[[[0.937524,-0.291411,-0.190074],[0.234906,0.933175,-0.272037],[0.256646,0.210392,0.943328]],[[0.910303,-0.309335,-0.275066],[0.1706,0.885799,-0.431574],[0.377154,0.345937,0.859118]],[[0.910303,-0.309335,-0.275066],[0.123787,0.83752,-0.5322],[0.395001,0.450414,0.800688]],[[0.910303,-0.309335,-0.275066],[0.123787,0.83752,-0.5322],[0.395001,0.450414,0.800688]]],3],[14,[-0.457126,-0.374671,-0.806634],1,46.1244,[49.0599,85.6977,-113.637],[47.5958,89.9596,-111.783],[-33.3991,25.5561,18.2257],false,[79.1319,112.565,-2.90781],[72.5483,102.376,-57.673],[59.5599,95.2747,-86.3683],[51.3955,88.583,-100.775],[44.2003,82.6857,-113.471],[[[0.90914,-0.415256,-0.0320375],[0.399611,0.891387,-0.213872],[0.117369,0.181637,0.976336]],[[0.851141,-0.447435,-0.274521],[0.337263,0.86685,-0.367186],[0.40226,0.219942,0.888714]],[[0.851141,-0.447435,-0.274521],[0.258061,0.812049,-0.523431],[0.457126,0.374671,0.806634]],[[0.851141,-0.447435,-0.274521],[0.258061,0.812049,-0.523431],[0.457126,0.374671,0.806634]]],4]],[[0,200,0],[235.247,235.247,147.751]]],[1812,711577500570,[[1,"right",[-0.363361,-0.0427544,-0.930667],[-0.0801343,-0.99381,0.076942],[42.1465,107.494,-35.0611],[9.98522,78.3725,0.712427],[39.4584,105.863,-36.0223],0,0,1,[[0.81997,0.0504162,-0.570181],[0.272769,0.841326,0.466656],[0.503235,-0.538172,0.67611]],65.659,[209.318,-32.9113,204.935],[77.8795,107.652,28.3442]]],[[10,[-0.383434,-0.265441,-0.884601],1,47.6481,[-4.68331,89.4403,-53.5537],[-5.75657,90.2966,-47.5735],[35.5091,-19.0012,-25.1828],false,[43.0752,105.711,24.3441],[43.0752,105.711,24.3441],[5.91482,106.664,-6.47721],[-6.03772,98.3897,-34.0523],[-5.12376,88.7318,-53.1239],[[[0.374274,0.839288,-0.394354],[-0.569362,0.543652,0.61666],[0.731947,-0.00626965,0.681333]],[[0.359722,0.839247,-0.407755],[-0.527626,0.543392,0.652944],[0.769552,-0.019736,0.638279]],[[0.359722,0.839247,-0.407755],[-0.850634,0.474557,0.226311],[0.383434,0.265441,0.884601]],[[0.359722,0.839247,-0.407755],[-0.932081,0.303209,-0.198213],[-0.0427144,0.451362,0.891318]]],0],[11,[-0.214334,-0.286947,-0.933661],1,53.7656,[-2.1895,86.7046,-118.638],[-4.57198,89.2932,-116.02],[-11.3177,177.085,-34.1686],false,[48.1332,123.287,10.5637],[11.0464,111.02,-49.0676],[2.62113,100.144,-85.8584],[-2.11524,93.8031,-106.491],[-5.4633,89.3207,-121.075],[[[0.85401,-0.108259,-0.508869],[0.0029935,0.979117,-0.203278],[0.520249,0.172078,0.836499]],[[0.976617,-0.0465608,-0.209885],[-0.0145041,0.959772,-0.280405],[0.214498,0.276892,0.936654]],[[0.976617,-0.0465608,-0.209885],[-0.0167538,0.956814,-0.290216],[0.214334,0.286947,0.933661]],[[0.976617,-0.0465608,-0.209885],[-0.0167538,0.956814,-0.290216],[0.214334,0.286947,0.933661]]],1],[12,[-0.347012,-0.4405,-0.827975],1,61.2615,[4.1503,78.699,-129.224],[3.24427,84.0595,-129.218],[-71.5677,-49.2366,91.2831],false,[57.8878,123.526,3.7579],[30.95,110.908,-56.9488],[16.0259,95.1291,-95.2931],[7.00419,83.6768,-116.819],[1.04224,76.1086,-131.044],[[[0.903338,-0.249334,-0.349016],[0.158752,0.950259,-0.267967],[0.398469,0.186658,0.897987]],[[0.934957,-0.231903,-0.268471],[0.105658,0.904446,-0.413296],[0.338662,0.358048,0.87012]],[[0.934957,-0.231903,-0.268471],[0.0737482,0.867283,-0.492322],[0.347012,0.4405,0.827975]],[[0.934957,-0.231903,-0.268471],[0.0737482,0.867283,-0.492322],[0.347012,0.4405,0.827975]]],2],[13,[-0.398265,-0.469129,-0.788228],1,58.9046,[25.5041,79.8242,-128.306],[23.3331,85.012,-126.586],[-13.0122,-11.0374,57.9011],false,[68.3735,121.256,-1.32106],[52.8409,109.007,-58.7032],[37.3437,94.6062,-93.6475],[27.2569,82.7246,-113.611],[20.4537,74.7109,-127.075],[[[0.937575,-0.290068,-0.191866],[0.235507,0.935483,-0.263456],[0.255907,0.201824,0.945399]],[[0.910387,-0.307236,-0.277131],[0.16513,0.883929,-0.437495],[0.379378,0.352527,0.855451]],[[0.910387,-0.307236,-0.277131],[0.112162,0.827964,-0.549451],[0.398265,0.469129,0.788228]],[[0.910387,-0.307236,-0.277131],[0.112162,0.827964,-0.549451],[0.398265,0.469129,0.788228]]],3],[14,[-0.460381,-0.385678,-0.799563],1,46.1801,[48.9595,85.6583,-113.536],[47.6182,90.896,-111.816],[-3.21758,42.1827,18.4452],false,[79.2718,112.985,-2.77443],[72.7211,103.274,-57.7257],[59.6447,96.0041,-86.3828],[51.4123,89.1074,-100.681],[44.1571,83.0295,-113.281],[[[0.909005,-0.415315,-0.0349712],[0.400145,0.893109,-0.205525],[0.116591,0.17283,0.978027]],[[0.85192,-0.445159,-0.2758],[0.33259,0.866752,-0.371652],[0.404494,0.224889,0.886459]],[[0.85192,-0.445159,-0.2758],[0.249563,0.808137,-0.53351],[0.460381,0.385678,0.799563]],[[0.85192,-0.445159,-0.2758],[0.249563,0.808137,-0.53351],[0.460381,0.385678,0.799563]]],4]],[[0,200,0],[235.247,235.247,147.751]]],[1813,711577517323,[[1,"right",[-0.368674,-0.0405504,-0.928674],[-0.0808156,-0.993867,0.07548],[42.2303,109.032,-35.0207],[4.99998,91.767,2.40768],[39.5672,105.987,-35.983],0,0,1,[[0.822191,0.0438725,-0.567519],[0.275589,0.841695,0.464327],[0.498049,-0.538167,0.679944]],65.6452,[208.578,-31.7419,206.239],[78.2779,109.054,28.3513]]],[[10,[-0.378119,-0.279014,-0.88271],1,47.694,[-4.68499,89.4585,-53.5014],[-5.681,91.8506,-47.3959],[29.0216,16.2003,18.1323],false,[43.4954,107.129,24.4736],[43.4954,107.129,24.4736],[6.15008,107.503,-6.26253],[-5.64813,98.7969,-33.8052],[-4.60871,88.9627,-52.8032],[[[0.372979,0.839631,-0.394851],[-0.565248,0.543093,0.620922],[0.735786,-0.00840228,0.677162]],[[0.350276,0.839494,-0.415398],[-0.530255,0.543314,0.650877],[0.772099,-0.00771976,0.635456]],[[0.350276,0.839494,-0.415398],[-0.856932,0.466262,0.219696],[0.378119,0.279014,0.88271]],[[0.350276,0.839494,-0.415398],[-0.935388,0.290544,-0.201576],[-0.0485309,0.459166,0.887024]]],0],[11,[-0.223597,-0.288725,-0.930936],1,53.8174,[-2.91598,87.9395,-118.385],[-4.97789,91.0681,-115.791],[-44.5355,112.041,12.6486],false,[48.4909,124.751,10.6557],[11.0034,112.625,-48.867],[2.1985,102.091,-85.7089],[-2.74734,95.7048,-106.301],[-6.24346,91.1904,-120.857],[[[0.850992,-0.108227,-0.513907],[0.00294409,0.979504,-0.201405],[0.525171,0.169881,0.833868]],[[0.974504,-0.0479959,-0.219176],[-0.0137478,0.962244,-0.271841],[0.223948,0.267923,0.937051]],[[0.974504,-0.0479959,-0.219176],[-0.0186005,0.956208,-0.292095],[0.223597,0.288725,0.930936]],[[0.974504,-0.0479959,-0.219176],[-0.0186005,0.956208,-0.292095],[0.223597,0.288725,0.930936]]],1],[12,[-0.364184,-0.48399,-0.795691],1,61.3206,[3.25028,78.2449,-128.304],[2.43987,84.2473,-128.451],[-87.8508,-45.9012,108.998],false,[58.2266,124.993,3.78346],[30.8951,112.505,-56.8744],[15.2415,96.0844,-94.7034],[5.76424,83.4893,-115.41],[-0.498767,75.166,-129.094],[[[0.901066,-0.249665,-0.354608],[0.158301,0.950597,-0.267031],[0.403758,0.184478,0.896073]],[[0.930011,-0.234395,-0.283087],[0.0956315,0.898038,-0.429397],[0.354872,0.372272,0.857601]],[[0.930011,-0.234395,-0.283087],[0.0494945,0.843097,-0.535478],[0.364184,0.48399,0.795691]],[[0.930011,-0.234395,-0.283087],[0.0494945,0.843097,-0.535478],[0.364184,0.48399,0.795691]]],2],[13,[-0.410391,-0.501729,-0.761477],1,58.9614,[25.3027,79.6572,-128.047],[22.5849,85.1051,-125.872],[-60.7438,-27.596,86.7131],false,[68.7021,122.718,-1.36665],[52.8099,110.58,-58.7596],[36.8079,95.4169,-93.1959],[26.404,82.6974,-112.5],[19.3869,74.1186,-125.521],[[[0.936147,-0.290742,-0.197733],[0.235064,0.935727,-0.262983],[0.261484,0.199711,0.944321]],[[0.907326,-0.308274,-0.285877],[0.153614,0.876036,-0.457126],[0.391359,0.370848,0.842206]],[[0.907326,-0.308274,-0.285877],[0.0913109,0.808229,-0.581745],[0.410391,0.501729,0.761477]],[[0.907326,-0.308274,-0.285877],[0.0913109,0.808229,-0.581745],[0.410391,0.501729,0.761477]]],3],[14,[-0.473541,-0.408558,-0.780281],1,46.2246,[48.7676,85.6106,-113.351],[47.0105,91.7545,-111.612],[-51.9398,14.079,42.9278],false,[79.6038,114.424,-2.89943],[72.7219,104.814,-57.9044],[59.1833,96.9385,-86.2199],[50.7073,89.6257,-100.186],[43.2376,83.181,-112.495],[[[0.908325,-0.416259,-0.0409205],[0.399979,0.893058,-0.206067],[0.122322,0.170809,0.977682]],[[0.849559,-0.445626,-0.282254],[0.321246,0.861498,-0.39322],[0.41839,0.24339,0.875049]],[[0.849559,-0.445626,-0.282254],[0.232396,0.796554,-0.558116],[0.473541,0.408558,0.780281]],[[0.849559,-0.445626,-0.282254],[0.232396,0.796554,-0.558116],[0.473541,0.408558,0.780281]]],4]],[[0,200,0],[235.247,235.247,147.751]]],[1814,711577533361,[[1,"right",[-0.370503,-0.039878,-0.927975],[-0.0900194,-0.992833,0.0786063],[42.0777,110.174,-35.1379],[-9.51231,71.2271,-7.30509],[39.6864,106.186,-35.9429],0,0,1,[[0.823226,0.0304242,-0.566898],[0.282282,0.844439,0.455236],[0.492561,-0.534787,0.686576]],65.6339,[207.278,-29.9755,208.163],[78.2421,110.122,28.3009]]],[[10,[-0.374238,-0.293101,-0.879794],1,47.7307,[-4.68346,89.4879,-53.419],[-5.87065,93.1925,-47.4922],[16.0234,2.04078,-0.763945],false,[43.4206,108.436,24.439],[43.4206,108.436,24.439],[6.13077,108.222,-6.46684],[-5.55533,99.0694,-33.9396],[-4.30268,88.9238,-52.7789],[[[0.380218,0.834901,-0.397962],[-0.559147,0.55024,0.620154],[0.736742,-0.0132749,0.676043]],[[0.348551,0.834711,-0.426345],[-0.534531,0.550671,0.641123],[0.769928,0.00443065,0.638116]],[[0.348551,0.834711,-0.426345],[-0.859336,0.466208,0.21022],[0.374238,0.293101,0.879794]],[[0.348551,0.834711,-0.426345],[-0.935466,0.281439,-0.213765],[-0.0584416,0.473339,0.878939]]],0],[11,[-0.227491,-0.306797,-0.924188],1,53.8587,[-3.54936,89.0226,-118.181],[-5.44054,92.4335,-115.834],[-30.037,52.9673,5.82779],false,[48.5562,125.989,10.5259],[10.8227,114.024,-48.9649],[1.85576,103.566,-85.8216],[-3.18008,96.7747,-106.28],[-6.73982,91.974,-120.741],[[[0.849127,-0.117756,-0.514896],[0.011818,0.978823,-0.204366],[0.528057,0.167448,0.832536]],[[0.973676,-0.0577911,-0.220489],[-0.00446928,0.962298,-0.271959],[0.227893,0.265786,0.936709]],[[0.973676,-0.0577911,-0.220489],[-0.0142353,0.950019,-0.311867],[0.227491,0.306797,0.924188]],[[0.973676,-0.0577911,-0.220489],[-0.0142353,0.950019,-0.311867],[0.227491,0.306797,0.924188]]],1],[12,[-0.37588,-0.518829,-0.767809],1,61.3677,[2.41453,77.7165,-127.376],[1.57507,83.989,-127.803],[-70.9064,-63.2307,91.6555],false,[58.2985,126.119,3.62838],[30.7261,113.693,-57.0134],[14.575,96.4539,-94.3051],[4.78576,82.9419,-114.301],[-1.68337,74.0125,-127.516],[[[0.898123,-0.259179,-0.355249],[0.166793,0.948262,-0.270146],[0.406885,0.183371,0.894885]],[[0.925861,-0.244845,-0.287806],[0.0944441,0.887439,-0.451146],[0.365871,0.390517,0.844769]],[[0.925861,-0.244845,-0.287806],[0.0386718,0.819065,-0.572396],[0.37588,0.518829,0.767809]],[[0.925861,-0.244845,-0.287806],[0.0386718,0.819065,-0.572396],[0.37588,0.518829,0.767809]]],2],[13,[-0.418517,-0.5316,-0.736373],1,59.0067,[25.1008,79.4745,-127.778],[21.7937,84.538,-125.209],[-49.7711,-65.5894,79.5981],false,[68.761,123.727,-1.53706],[52.648,111.554,-58.9292],[36.3351,95.5313,-92.8644],[25.717,82.0442,-111.547],[18.5554,72.9476,-124.147],[[[0.933064,-0.300111,-0.198305],[0.243419,0.932684,-0.266171],[0.264837,0.200084,0.943307]],[[0.904478,-0.317375,-0.284942],[0.151632,0.863688,-0.480678],[0.398656,0.391557,0.829311]],[[0.904478,-0.317375,-0.284942],[0.0822318,0.785286,-0.613647],[0.418517,0.5316,0.736373]],[[0.904478,-0.317375,-0.284942],[0.0822318,0.785286,-0.613647],[0.418517,0.5316,0.736373]]],3],[14,[-0.485394,-0.43657,-0.757496],1,46.2602,[48.5539,85.5329,-113.146],[46.2862,91.6185,-111.357],[-55.2869,-47.4108,51.0504],false,[79.5988,115.316,-3.06306],[72.5327,105.596,-58.0864],[58.6639,97.0299,-86.0682],[49.9691,89.2096,-99.6372],[42.3066,82.3178,-111.595],[[[0.904313,-0.42489,-0.0410708],[0.408017,0.88864,-0.209383],[0.125462,0.17259,0.976971]],[[0.845682,-0.454286,-0.280082],[0.318452,0.850681,-0.418248],[0.428264,0.264512,0.864073]],[[0.845682,-0.454286,-0.280082],[0.221844,0.77655,-0.589707],[0.485394,0.43657,0.757496]],[[0.845682,-0.454286,-0.280082],[0.221844,0.77655,-0.589707],[0.485394,0.43657,0.757496]]],4]],[[0,200,0],[235.247,235.247,147.751]]],[1815,711577546656,[[1,"right",[-0.373921,-0.0436255,-0.926434],[-0.0944921,-0.991903,0.0848467],[41.9395,110.702,-35.3621],[-10.3962,39.714,-16.8632],[39.7734,106.361,-35.9205],0,0,1,[[0.824885,0.0180308,-0.565013],[0.286834,0.847922,0.445819],[0.487125,-0.529815,0.694266]],65.6247,[206.041,-28.0462,210.137],[78.2941,110.896,28.0669]]],[[10,[-0.371723,-0.310448,-0.874897],1,47.76,[-4.67626,89.5077,-53.3206],[-5.96193,93.5607,-47.5381],[20.6598,-57.0594,3.53631],false,[43.4833,109.312,24.2824],[43.4833,109.312,24.2824],[6.2,108.267,-6.69499],[-5.41469,98.5672,-34.0316],[-3.98798,88.0886,-52.6904],[[[0.382818,0.83068,-0.404254],[-0.554344,0.556604,0.618785],[0.739022,-0.0127859,0.67356]],[[0.342357,0.830158,-0.440033],[-0.539877,0.557111,0.630999],[0.768976,0.0215366,0.638914]],[[0.342357,0.830158,-0.440033],[-0.86291,0.463097,0.202305],[0.371723,0.310448,0.874897]],[[0.342357,0.830158,-0.440033],[-0.937212,0.268573,-0.22249],[-0.0665216,0.488575,0.869982]]],0],[11,[-0.230786,-0.327458,-0.916247],1,53.8918,[-4.02173,89.6765,-118.034],[-5.95579,92.7157,-115.827],[-34.278,-10.6432,8.62704],false,[48.4681,126.714,9.93302],[10.622,114.624,-49.1184],[1.51752,104.138,-85.9591],[-3.5944,96.8846,-106.254],[-7.20792,91.7575,-120.6],[[[0.846754,-0.124898,-0.517115],[0.0157868,0.97752,-0.21025],[0.53175,0.169866,0.829691]],[[0.972895,-0.0635357,-0.222348],[0.00023294,0.961784,-0.27381],[0.231247,0.266336,0.93573]],[[0.972895,-0.0635357,-0.222348],[-0.0145952,0.942727,-0.333246],[0.230786,0.327458,0.916247]],[[0.972895,-0.0635357,-0.222348],[-0.0145952,0.942727,-0.333246],[0.230786,0.327458,0.916247]]],1],[12,[-0.384836,-0.551878,-0.739819],1,61.4054,[1.57475,76.9471,-126.376],[0.702047,82.8689,-127.115],[-73.8065,-123.346,103.455],false,[58.2484,126.753,2.98793],[30.5165,114.149,-57.242],[13.9549,96.126,-94.0116],[3.92631,81.7444,-113.291],[-2.70101,72.2404,-126.031],[[[0.89563,-0.265602,-0.356796],[0.170384,0.945824,-0.27638],[0.410873,0.186742,0.892362]],[[0.92265,-0.251608,-0.29225],[0.090203,0.877619,-0.470796],[0.37494,0.408019,0.832431]],[[0.92265,-0.251608,-0.29225],[0.0248584,0.795063,-0.606018],[0.384836,0.551878,0.739819]],[[0.92265,-0.251608,-0.29225],[0.0248584,0.795063,-0.606018],[0.384836,0.551878,0.739819]]],2],[13,[-0.425452,-0.563238,-0.708346],1,59.0429,[24.863,79.2153,-127.45],[20.9858,83.1413,-124.52],[-57.3083,-130.413,96.6936],false,[68.7502,124.278,-2.18858],[52.4444,111.89,-59.223],[35.8505,95.0304,-92.6425],[25.0498,80.7318,-110.625],[17.7652,71.0879,-122.753],[[[0.930921,-0.305765,-0.199732],[0.246948,0.929902,-0.272578],[0.269076,0.204425,0.941174]],[[0.902393,-0.323189,-0.285019],[0.146426,0.852051,-0.502562],[0.405273,0.411774,0.816208]],[[0.902393,-0.323189,-0.285019],[0.0683959,0.760468,-0.645764],[0.425452,0.563238,0.708346]],[[0.902393,-0.323189,-0.285019],[0.0683959,0.760468,-0.645764],[0.425452,0.563238,0.708346]]],3],[14,[-0.497936,-0.469014,-0.729442],1,46.2886,[48.2623,85.3625,-112.863],[45.4724,90.5601,-111.051],[-72.8083,-117.178,73.9684],false,[79.5994,115.81,-3.69165],[72.3243,105.836,-58.4124],[58.1195,96.5954,-86.0318],[49.1946,88.1889,-99.1062],[41.2808,80.5995,-110.477],[[[0.902122,-0.429466,-0.0416571],[0.41153,0.885407,-0.216097],[0.12969,0.177803,0.975483]],[[0.842784,-0.459952,-0.279568],[0.312321,0.840908,-0.441961],[0.438372,0.285163,0.852357]],[[0.842784,-0.459952,-0.279568],[0.204387,0.75397,-0.624304],[0.497936,0.469014,0.729442]],[[0.842784,-0.459952,-0.279568],[0.196766,0.746725,-0.635362],[0.500997,0.480463,0.719831]]],4]],[[0,200,0],[235.247,235.247,147.751]]],[1816,711577559380,[[1,"right",[-0.37328,-0.0404483,-0.926837],[-0.103418,-0.991008,0.0849],[41.7182,111.584,-35.4205],[-17.3919,69.3284,-4.59166],[39.8574,106.586,-35.8989],0,0,1,[[0.825292,0.0069601,-0.564663],[0.290507,0.852229,0.4351],[0.48425,-0.523123,0.701316]],65.193,[204.357,-25.045,211.016],[77.8687,111.597,27.8298]]],[[10,[-0.364958,-0.322288,-0.873462],1,47.6977,[-4.66027,89.5281,-53.2118],[-6.09666,94.4454,-47.7249],[27.6899,-6.25401,-5.80404],false,[43.1784,110.196,23.9883],[43.1784,110.196,23.9883],[6.15495,108.707,-6.98101],[-5.2335,98.6503,-34.2372],[-3.58453,87.9604,-52.7249],[[[0.390646,0.827169,-0.403966],[-0.550041,0.561624,0.618088],[0.73814,-0.0192559,0.674373]],[[0.341132,0.826638,-0.447546],[-0.543918,0.561889,0.623245],[0.766669,0.0308201,0.641302]],[[0.341132,0.826638,-0.447546],[-0.866276,0.461302,0.191746],[0.364958,0.322288,0.873462]],[[0.341132,0.826638,-0.447546],[-0.936858,0.259988,-0.233889],[-0.076985,0.499074,0.863133]]],0],[11,[-0.235447,-0.342174,-0.90966],1,53.8215,[-4.44023,90.3109,-117.879],[-6.26566,94.0027,-115.978],[-27.4525,65.9441,21.1179],false,[48.4604,127.527,9.92838],[10.5765,115.766,-49.1568],[1.31712,105.465,-85.9564],[-3.89122,97.8957,-106.079],[-7.5729,92.5451,-120.303],[[[0.846174,-0.132524,-0.516165],[0.0247251,0.977305,-0.210387],[0.532333,0.165262,0.830247]],[[0.971831,-0.0728378,-0.22414],[0.00945035,0.962322,-0.271747],[0.235488,0.261974,0.935903]],[[0.971831,-0.0728378,-0.22414],[-0.0104373,0.936809,-0.349685],[0.235447,0.342174,0.90966]],[[0.971831,-0.0728378,-0.22414],[-0.0104373,0.936809,-0.349685],[0.235447,0.342174,0.90966]]],1],[12,[-0.392849,-0.584262,-0.710146],1,61.3253,[0.959308,76.3466,-125.491],[-0.0274893,82.4004,-126.27],[-57.7445,-69.2401,136.562],false,[58.17,127.48,3.02617],[30.3956,115.115,-57.2263],[13.5151,96.4884,-93.4772],[3.29103,81.2827,-111.959],[-3.46546,71.2342,-124.173],[[[0.893618,-0.27363,-0.355771],[0.179106,0.944222,-0.276343],[0.411543,0.183224,0.892783]],[[0.91951,-0.260551,-0.294303],[0.0898457,0.868234,-0.487952],[0.38266,0.422235,0.821759]],[[0.91951,-0.260551,-0.294303],[0.0130798,0.768603,-0.639592],[0.392849,0.584262,0.710146]],[[0.91951,-0.260551,-0.294303],[0.0130798,0.768603,-0.639592],[0.392849,0.584262,0.710146]]],2],[13,[-0.430826,-0.595703,-0.677884],1,58.9659,[24.6614,78.9786,-127.139],[20.3363,82.2507,-123.563],[-43.8736,-87.5466,137.089],false,[68.5689,124.921,-2.13032],[52.2174,112.671,-59.1751],[35.4779,95.1386,-92.1072],[24.555,80.0356,-109.294],[17.188,69.8492,-120.886],[[[0.928379,-0.31408,-0.198662],[0.255521,0.927619,-0.272454],[0.269855,0.202178,0.941436]],[[0.900667,-0.330833,-0.281689],[0.145666,0.840671,-0.521587],[0.409366,0.428744,0.805356]],[[0.900667,-0.330833,-0.281689],[0.0564634,0.731907,-0.679061],[0.430826,0.595703,0.677884]],[[0.900667,-0.330833,-0.281689],[0.0564634,0.731907,-0.679061],[0.430826,0.595703,0.677884]]],3],[14,[-0.50811,-0.507003,-0.696255],1,46.2282,[47.9516,85.1368,-112.519],[44.685,89.7179,-110.31],[-66.9804,-106.181,130.496],false,[79.2658,116.381,-3.62324],[71.9628,106.464,-58.345],[57.6008,96.5707,-85.605],[48.5054,87.4951,-98.0684],[40.3798,79.0521,-108.63],[[[0.898305,-0.437493,-0.0405992],[0.419638,0.881669,-0.215785],[0.1302,0.176804,0.975596]],[[0.840836,-0.467132,-0.273463],[0.309895,0.829655,-0.464368],[0.443801,0.305713,0.842366]],[[0.840836,-0.467132,-0.273463],[0.186597,0.724386,-0.663661],[0.50811,0.507003,0.696255]],[[0.840836,-0.467132,-0.273463],[0.166396,0.703809,-0.690626],[0.51508,0.535201,0.669517]]],4]],[[0,200,0],[235.247,235.247,147.751]]],[1817,711577568340,[[1,"right",[-0.382237,-0.0570868,-0.922299],[-0.103637,-0.989145,0.104175],[41.5452,111.809,-35.2962],[-19.3102,25.1225,13.8704],[39.9068,106.739,-35.8812],0,0,1,[[0.824052,-0.00587712,-0.566484],[0.298307,0.854591,0.425074],[0.481613,-0.519269,0.70598]],65.0725,[204.001,-22.7773,211.991],[78.2136,112.844,27.6043]]],[[10,[-0.366101,-0.343196,-0.864977],1,47.6768,[-4.65002,89.5348,-53.1443],[-6.30177,94.3307,-46.8522],[17.387,-38.0699,97.7786],false,[43.5762,111.515,24.1055],[43.5762,111.515,24.1055],[6.35097,109.321,-6.57122],[-5.06815,98.6163,-33.5508],[-3.4316,87.5276,-51.7921],[[[0.387604,0.819092,-0.422909],[-0.543468,0.57361,0.612873],[0.744584,-0.00771468,0.667484]],[[0.336567,0.817751,-0.466911],[-0.540741,0.573775,0.615127],[0.770922,0.045446,0.635306]],[[0.336567,0.817751,-0.466911],[-0.867578,0.46206,0.183871],[0.366101,0.343196,0.864977]],[[0.336567,0.817751,-0.466911],[-0.938552,0.251066,-0.236825],[-0.0764388,0.517927,0.852003]]],0],[11,[-0.238208,-0.352441,-0.90501],1,53.7979,[-4.72563,90.5858,-117.72],[-7.23064,92.8111,-115.106],[-54.7819,-88.1762,77.8966],false,[48.7165,128.568,9.64339],[10.28,115.775,-48.806],[0.91705,105.02,-85.4308],[-4.35007,97.2274,-105.442],[-8.0733,91.7187,-119.587],[[[0.841021,-0.143067,-0.521744],[0.0237239,0.973225,-0.228625],[0.540483,0.179901,0.821897]],[[0.971161,-0.0767054,-0.225749],[0.00970895,0.958773,-0.284007],[0.238227,0.273624,0.931868]],[[0.971161,-0.0767054,-0.225749],[-0.0101439,0.932685,-0.360548],[0.238208,0.352441,0.90501]],[[0.971161,-0.0767054,-0.225749],[-0.0101439,0.932685,-0.360548],[0.238208,0.352441,0.90501]]],1],[12,[-0.397568,-0.614909,-0.681048],1,61.2984,[0.330879,75.5047,-124.464],[-1.20689,80.3938,-124.823],[-88.2207,-234.787,207.318],false,[58.3644,128.382,2.65007],[30.0178,114.95,-57.0515],[12.9031,95.5776,-92.774],[2.56076,79.5813,-110.491],[-4.2739,69.0103,-122.199],[[[0.88986,-0.281247,-0.359235],[0.177427,0.938741,-0.295441],[0.42032,0.199163,0.885249]],[[0.917573,-0.266325,-0.295179],[0.0860729,0.857929,-0.506506],[0.388139,0.43935,0.810136]],[[0.917573,-0.266325,-0.295179],[-0.000128064,0.742265,-0.670106],[0.397568,0.614909,0.681048]],[[0.917573,-0.266325,-0.295179],[-0.000128064,0.742265,-0.670106],[0.397568,0.614909,0.681048]]],2],[13,[-0.439911,-0.622163,-0.647605],1,58.94,[24.4125,78.6619,-126.751],[19.1777,80.1489,-122.241],[-129.171,-227.327,208.264],false,[68.7164,125.716,-2.55564],[51.8151,112.444,-59.1643],[34.663,94.1105,-91.4184],[23.5148,78.3435,-107.83],[15.9956,67.7093,-118.899],[[[0.92609,-0.318834,-0.201747],[0.253859,0.922119,-0.291981],[0.279128,0.219186,0.934904]],[[0.897108,-0.33732,-0.285328],[0.138204,0.827661,-0.543946],[0.419639,0.448546,0.78912]],[[0.897108,-0.33732,-0.285328],[0.04093,0.70649,-0.706538],[0.439911,0.622163,0.647605]],[[0.897108,-0.33732,-0.285328],[0.04093,0.70649,-0.706538],[0.439911,0.622163,0.647605]]],3],[14,[-0.523953,-0.535303,-0.662513],1,46.2079,[47.5388,84.7865,-112.05],[43.5203,87.7597,-109.343],[-155.157,-209.349,193.147],false,[79.394,117.139,-3.99192],[71.5591,106.23,-58.4098],[56.7195,95.7738,-85.1826],[47.3446,86.1958,-97.0368],[38.9211,77.0041,-106.691],[[[0.897412,-0.439271,-0.0411503],[0.418466,0.87702,-0.236054],[0.139782,0.194618,0.970868]],[[0.835643,-0.473604,-0.278208],[0.302057,0.819271,-0.487398],[0.458761,0.323256,0.827673]],[[0.835643,-0.473604,-0.278208],[0.164843,0.699393,-0.695469],[0.523953,0.535303,0.662513]],[[0.835643,-0.473604,-0.278208],[0.127787,0.660233,-0.74011],[0.534201,0.582917,0.61224]]],4]],[[0,200,0],[235.247,235.247,147.751]]],[1818,711577576821,[[1,"right",[-0.379198,-0.0481957,-0.92406],[-0.111929,-0.98892,0.0975101],[41.4554,112.542,-35.5493],[-10.5858,86.44,-29.8372],[39.9546,106.918,-35.871],0,0,1,[[0.823047,-0.011164,-0.567864],[0.2987,0.858887,0.416042],[0.483087,-0.512043,0.710239]],64.9416,[204.017,-20.5698,212.833],[77.9346,113.07,27.4656]]],[[10,[-0.358701,-0.343461,-0.867968],1,47.6326,[-4.63782,89.5443,-53.0922],[-6.30463,95.215,-47.4405],[38.149,43.6771,-67.0485],false,[43.2586,111.858,23.8144],[43.2586,111.858,23.8144],[6.27904,109.694,-7.10678],[-4.89887,98.9909,-34.1546],[-3.06198,87.8967,-52.3503],[[[0.395729,0.818614,-0.416257],[-0.541176,0.574065,0.614473],[0.741975,-0.0178969,0.670189]],[[0.340324,0.817726,-0.464223],[-0.544834,0.573858,0.611427],[0.766378,0.0448414,0.640823]],[[0.340324,0.817726,-0.464223],[-0.869203,0.461908,0.176431],[0.358701,0.343461,0.867968]],[[0.340324,0.817726,-0.464223],[-0.936379,0.249634,-0.246735],[-0.0858759,0.518659,0.850658]]],0],[11,[-0.23769,-0.353892,-0.904579],1,53.7481,[-4.98658,90.9925,-117.607],[-7.16799,94.4372,-115.684],[11.5474,156.89,-41.7497],false,[48.5438,128.934,9.42593],[10.2962,116.84,-49.1403],[0.989765,106.389,-85.8282],[-4.26103,98.5715,-105.811],[-7.97272,93.0453,-119.937],[[[0.841813,-0.146504,-0.519507],[0.0323619,0.974428,-0.222355],[0.538798,0.170369,0.825028]],[[0.971334,-0.0830831,-0.222727],[0.0183479,0.960343,-0.278217],[0.237009,0.266155,0.934338]],[[0.971334,-0.0830831,-0.222727],[-0.00366581,0.931589,-0.363495],[0.23769,0.353892,0.904579]],[[0.971334,-0.0830831,-0.222727],[-0.00366581,0.931589,-0.363495],[0.23769,0.353892,0.904579]]],1],[12,[-0.401527,-0.636895,-0.658134],1,61.2417,[-0.0580989,75.0198,-123.775],[-1.43605,80.6534,-124.548],[-30.4065,-4.58431,102.568],false,[58.2204,128.714,2.47114],[30.0438,115.911,-57.3115],[12.786,96.3786,-92.8274],[2.35038,79.8257,-109.932],[-4.54596,68.8868,-121.236],[[[0.888933,-0.286095,-0.357697],[0.186036,0.939136,-0.288816],[0.418555,0.190193,0.888053]],[[0.915804,-0.272226,-0.295291],[0.0885436,0.853998,-0.512686],[0.391744,0.443374,0.806198]],[[0.915804,-0.272226,-0.295291],[-0.00890856,0.721289,-0.692577],[0.401527,0.636895,0.658134]],[[0.915804,-0.272226,-0.295291],[-0.00890856,0.721289,-0.692577],[0.401527,0.636895,0.658134]]],2],[13,[-0.442954,-0.644484,-0.623243],1,58.8855,[24.2412,78.4419,-126.467],[18.9493,80.0374,-121.782],[-19.0761,-34.194,117],false,[68.5755,126,-2.7057],[51.8127,113.245,-59.3576],[34.6027,94.657,-91.3864],[23.3876,78.3395,-107.166],[15.8235,67.3339,-117.809],[[[0.924268,-0.324965,-0.200317],[0.262319,0.92188,-0.285177],[0.277341,0.211033,0.937308]],[[0.896001,-0.342414,-0.282726],[0.139872,0.821919,-0.552164],[0.421447,0.455194,0.784335]],[[0.896001,-0.342414,-0.282726],[0.0311943,0.683661,-0.729133],[0.442954,0.644484,0.623243]],[[0.896001,-0.342414,-0.282726],[0.0311943,0.683661,-0.729133],[0.442954,0.644484,0.623243]]],3],[14,[-0.53248,-0.560185,-0.634553],1,46.1651,[47.2187,84.5076,-111.656],[43.0827,87.5017,-108.835],[-55.3553,-66.117,145.228],false,[79.1919,117.356,-4.15314],[71.4895,106.873,-58.5696],[56.5174,96.1708,-85.1345],[46.9987,86.1569,-96.4778],[38.4147,76.2875,-105.258],[[[0.894022,-0.44618,-0.040596],[0.426348,0.875112,-0.228925],[0.137668,0.187356,0.972597]],[[0.833321,-0.478428,-0.276918],[0.301566,0.813288,-0.497615],[0.463287,0.331164,0.822007]],[[0.833321,-0.478428,-0.276918],[0.148463,0.67624,-0.721567],[0.53248,0.560185,0.634553]],[[0.833321,-0.478428,-0.276918],[0.09317,0.615338,-0.782738],[0.544881,0.626472,0.557349]]],4]],[[0,200,0],[235.247,235.247,147.751]]],[1819,711577585582,[[1,"right",[-0.38557,-0.0610019,-0.92066],[-0.111794,-0.987372,0.112241],[41.3392,112.854,-35.5429],[-13.2619,35.5862,0.727612],[39.9996,107.111,-35.8603],0,0,1,[[0.821205,-0.0201371,-0.570278],[0.303577,0.861634,0.406728],[0.483181,-0.50713,0.713691]],64.7234,[204.021,-17.9291,213.033],[78.1416,114.189,27.1006]]],[[10,[-0.358783,-0.359386,-0.861462],1,47.5683,[-4.62751,89.5511,-53.0492],[-6.42077,95.251,-46.8795],[19.732,-3.92346,68.9428],false,[43.5462,113.007,23.7036],[43.5462,113.007,23.7036],[6.44913,110.357,-6.90153],[-4.71627,99.1731,-33.7104],[-2.89201,87.7977,-51.6986],[[[0.393302,0.812398,-0.430491],[-0.536625,0.583035,0.610003],[0.746557,-0.00890318,0.665262]],[[0.336925,0.810826,-0.478584],[-0.54154,0.582697,0.605969],[0.770205,0.0550064,0.63542]],[[0.336925,0.810826,-0.478584],[-0.870492,0.461956,0.169825],[0.358783,0.359386,0.861462]],[[0.336925,0.810826,-0.478584],[-0.93765,0.242851,-0.248666],[-0.0854001,0.532527,0.842094]]],0],[11,[-0.239902,-0.358234,-0.902283],1,53.6756,[-5.21132,91.2683,-117.477],[-7.82697,93.6622,-115.121],[-32.9798,-40.1678,55.1927],false,[48.7422,129.848,9.08059],[10.146,116.972,-48.9547],[0.765254,106.169,-85.4645],[-4.52726,98.266,-105.37],[-8.26843,92.6795,-119.441],[[[0.838141,-0.154368,-0.523155],[0.0313621,0.971169,-0.23632],[0.544552,0.181662,0.818818]],[[0.970793,-0.0858637,-0.224027],[0.0182258,0.95746,-0.28799],[0.239225,0.275495,0.931061]],[[0.970793,-0.0858637,-0.224027],[-0.00278087,0.929675,-0.36837],[0.239902,0.358234,0.902283]],[[0.970793,-0.0858637,-0.224027],[-0.00278087,0.929675,-0.36837],[0.239902,0.358234,0.902283]]],1],[12,[-0.40362,-0.660089,-0.63354],1,61.159,[-0.436683,74.4532,-123.02],[-2.24221,79.2383,-123.443],[-47.0384,-153.306,167.77],false,[58.3506,129.524,2.07629],[29.8009,115.917,-57.2324],[12.4346,95.91,-92.3556],[1.95874,78.7775,-108.799],[-4.96418,67.4556,-119.666],[[[0.886297,-0.291689,-0.359716],[0.184556,0.934843,-0.303329],[0.424756,0.202451,0.882381]],[[0.914716,-0.276271,-0.294905],[0.0864542,0.846684,-0.525026],[0.394741,0.454754,0.79836]],[[0.914716,-0.276271,-0.294905],[-0.0196352,0.698539,-0.715303],[0.40362,0.660089,0.63354]],[[0.914716,-0.276271,-0.294905],[-0.0196352,0.698539,-0.715303],[0.40362,0.660089,0.63354]]],2],[13,[-0.448355,-0.667298,-0.594719],1,58.806,[24.0302,78.1564,-126.103],[18.1296,78.4285,-120.652],[-83.4217,-165.464,188.041],false,[68.6469,126.736,-3.12406],[51.5145,113.213,-59.3862],[34.0563,94.0503,-90.8671],[22.7198,77.178,-105.904],[15.0738,65.7982,-116.046],[[[0.922691,-0.328355,-0.202049],[0.260853,0.917591,-0.299971],[0.283895,0.224075,0.932306]],[[0.893701,-0.347027,-0.284377],[0.134261,0.811642,-0.568516],[0.428103,0.469903,0.771958]],[[0.893701,-0.347027,-0.284377],[0.0166196,0.659003,-0.751956],[0.448355,0.667298,0.594719]],[[0.893701,-0.347027,-0.284377],[0.0166196,0.659003,-0.751956],[0.448355,0.667298,0.594719]]],3],[14,[-0.542935,-0.583737,-0.603716],1,46.1028,[46.8374,84.148,-111.158],[42.1883,85.9433,-107.872],[-105.833,-155.905,194.699],false,[79.227,118.08,-4.52011],[71.1572,106.852,-58.6448],[55.8873,95.7475,-84.8193],[46.1949,85.3267,-95.5968],[37.4507,74.7616,-103.306],[[[0.893479,-0.447282,-0.040427],[0.425239,0.871517,-0.244192],[0.144455,0.200989,0.968884]],[[0.829852,-0.483129,-0.279163],[0.295776,0.805111,-0.514114],[0.473141,0.344069,0.811021]],[[0.829852,-0.483129,-0.279163],[0.128715,0.652563,-0.746723],[0.542935,0.583737,0.603716]],[[0.829852,-0.483129,-0.279163],[0.0492757,0.561806,-0.8258],[0.555803,0.671536,0.490022]]],4]],[[0,200,0],[235.247,235.247,147.751]]]