{"metadata":{"formatVersion":2,"generatedBy":"LeapJS Playback 0.2.1","frames":188,"protocolVersion":6,"serviceVersion":"3.2.0+45899","frameRate":"73","modified":"Tue Feb 14 2017 16:06:43 GMT+0100 (Romance Standard Time)"},"frames":[["id","timestamp",{"hands":[["id","type","direction","palmNormal","palmPosition","palmVelocity","stabilizedPalmPosition","pinchStrength","grabStrength","confidence","armBasis","armWidth","elbow","wrist"]]},{"pointables":[["id","direction","handId","length","stabilizedTipPosition","tipPosition","tipVelocity","tool","carpPosition","mcpPosition","pipPosition","dipPosition","btipPosition","bases","type"]]},{"interactionBox":["center","size"]}],[2659,711589067738,[[1,"right",[-0.562654,0.128976,-0.816569],[-0.00269005,-0.988035,-0.154205],[45.218,117.386,-36.9312],[-22.4198,-15.4556,5.35393],[56.7183,118.166,-40.7005],0.636267,1,1,[[0.9127,-0.0255631,-0.40783],[0.240179,0.841006,0.484792],[0.330594,-0.540422,0.773726]],57.7753,[167.844,-22.8547,204.107],[87.2945,108.819,15.5891]]],[[10,[-0.571254,-0.382961,-0.725954],1,44.9536,[4.37148,80.4265,-48.0819],[-2.34436,75.6697,-36.8958],[12.2686,-36.8266,34.1752],false,[58.7772,103.331,14.9641],[58.7772,103.331,14.9641],[19.0371,91.3399,-2.53088],[2.23681,80.0772,-23.8809],[-0.595386,71.7179,-42.0362],[[[0.225271,0.942923,-0.245255],[-0.444526,0.323469,0.835323],[0.866977,-0.0791517,0.492022]],[[-0.0967553,0.909729,-0.403771],[-0.460807,0.318633,0.828329],[0.88221,0.266206,0.38838]],[[-0.0967553,0.909729,-0.403771],[-0.81505,0.160416,0.55674],[0.571254,0.382961,0.725954]],[[-0.0967553,0.909729,-0.403771],[-0.98537,-0.0303696,0.167698],[0.140298,0.41409,0.899359]]],0],[11,[0.536298,-0.346945,0.769424],1,50.7251,[35.2026,84.4845,-27.8212],[33.0649,83.8424,-22.8863],[10.7184,-11.7439,24.7521],false,[59.4084,122.626,5.75148],[13.852,120.311,-42.486],[14.8533,83.746,-48.4227],[26.0343,76.5127,-32.3814],[32.2891,83.6566,-21.1105],[[[0.720481,0.105022,-0.685476],[-0.100209,0.993858,0.0469434],[0.686196,0.0348691,0.726581]],[[0.837959,0.109741,-0.534585],[-0.545063,0.119797,-0.829792],[-0.0270202,0.986715,0.1602]],[[0.837959,0.109741,-0.534585],[-0.101035,-0.931443,-0.349579],[-0.536298,0.346945,-0.769424]],[[0.837959,0.109741,-0.534585],[0.343067,-0.867741,0.359625],[-0.424416,-0.48475,-0.76478]]],1],[12,[0.5689,-0.317281,0.75874],1,57.7972,[53.4018,85.5646,-30.0627],[46.6401,82.9564,-26.9762],[5.77602,-2.01061,14.1127],false,[66.8093,125.289,-2.09745],[30.231,123.931,-53.3228],[25.0592,82.7466,-55.7001],[39.0132,74.9643,-37.0896],[48.0552,83.1101,-26.3832],[[[0.813021,-0.0622099,-0.578902],[0.0381289,0.99783,-0.0536797],[0.580985,0.0215698,0.813629]],[[0.785633,-0.0631302,-0.615463],[-0.606058,0.121482,-0.786089],[0.124394,0.990584,0.0571798]],[[0.785633,-0.0631302,-0.615463],[-0.243174,-0.946228,-0.213352],[-0.5689,0.317281,-0.75874]],[[0.785633,-0.0631302,-0.615463],[0.267599,-0.862244,0.430031],[-0.557827,-0.502544,-0.660514]]],2],[13,[0.435502,-0.335421,0.835362],1,55.5735,[68.0663,87.3019,-34.2],[59.7155,86.4849,-31.8584],[-1.09776,-1.81535,-2.76046],false,[75.3792,125.397,-9.12971],[49.8102,124.848,-59.5401],[41.5182,87.4454,-63.7285],[51.9243,79.4307,-43.7678],[60.0792,86.1676,-31.6089],[[[0.884453,-0.1334,-0.447155],[0.114619,0.991015,-0.0689383],[0.452333,0.00972014,0.891796]],[[0.855738,-0.133743,-0.499826],[-0.470552,0.200545,-0.85928],[0.21516,0.970512,0.108681]],[[0.855738,-0.133743,-0.499826],[-0.279376,-0.932526,-0.228787],[-0.435502,0.335421,-0.835362]],[[0.855738,-0.133743,-0.499826],[0.108037,-0.898536,0.425396],[-0.506005,-0.418027,-0.754462]]],3],[14,[0.333091,-0.382779,0.861702],1,43.5686,[82.5887,91.7497,-44.7583],[68.9795,91.2311,-42.287],[-14.9486,1.28872,-14.6885],false,[85.4142,119.368,-14.4112],[68.3541,121.522,-63.8314],[56.4188,93.8854,-68.7308],[62.0382,87.4276,-54.1934],[69.8698,91.8089,-42.3392],[[[0.899683,-0.293277,-0.323355],[0.290298,0.955141,-0.0585873],[0.326032,-0.0411594,0.944462]],[[0.844875,-0.284571,-0.452997],[-0.364757,0.312991,-0.87692],[0.39133,0.906121,0.160639]],[[0.844875,-0.284571,-0.452997],[-0.418613,-0.878919,-0.228612],[-0.333091,0.382779,-0.861702]],[[0.844875,-0.284571,-0.452997],[-0.0933983,-0.912239,0.39887],[-0.526748,-0.294686,-0.797306]]],4]],[[0,200,0],[235.247,235.247,147.751]]],[2660,711589084607,[[1,"right",[-0.577571,0.120535,-0.807393],[0.00347011,-0.988668,-0.15008],[44.9738,117.226,-36.8206],[-14.4743,-9.51037,6.55579],[56.4535,118.145,-40.613],0.632852,1,1,[[0.909923,-0.0261637,-0.413951],[0.241975,0.844063,0.478546],[0.33688,-0.535605,0.774363]],57.7753,[169.983,-21.2665,203.739],[87.9024,109.234,15.0655]]],[[10,[-0.576958,-0.391507,-0.716828],1,44.9536,[4.34817,80.3837,-48.017],[-2.17338,75.0644,-35.8194],[18.0934,-34.1132,55.6721],false,[59.5371,103.512,14.8936],[59.5371,103.512,14.8936],[19.6331,91.0903,-1.91449],[2.66503,79.5762,-22.9961],[-0.326909,71.1202,-41.0809],[[[0.212684,0.943819,-0.252924],[-0.433127,0.32309,0.841436],[0.875881,-0.0694117,0.477509]],[[-0.111498,0.90717,-0.405723],[-0.450374,0.317807,0.834363],[0.885851,0.275757,0.373131]],[[-0.111498,0.90717,-0.405723],[-0.809128,0.15416,0.567051],[0.576958,0.391507,0.716827]],[[-0.111498,0.90717,-0.405723],[-0.98265,-0.0397546,0.181157],[0.148211,0.418883,0.895863]]],0],[11,[0.553809,-0.333826,0.762795],1,50.7251,[35.1806,84.4706,-27.7944],[33.3184,83.604,-22.4451],[24.5343,-0.505298,39.4518],false,[59.8403,122.772,5.59239],[13.4932,119.851,-41.8525],[14.8533,83.243,-47.4472],[26.3994,76.2832,-31.5441],[32.7175,83.7141,-20.4963],[[[0.707769,0.108451,-0.69807],[-0.108225,0.993127,0.0445625],[0.698105,0.0440084,0.714642]],[[0.82708,0.114819,-0.550232],[-0.560885,0.104671,-0.82125],[-0.036702,0.987857,0.150972]],[[0.82708,0.114819,-0.550232],[-0.096098,-0.935616,-0.339688],[-0.553809,0.333826,-0.762795]],[[0.82708,0.114819,-0.550232],[0.363513,-0.855907,0.367807],[-0.428716,-0.504222,-0.749642]]],1],[12,[0.587585,-0.301494,0.750896],1,57.7972,[53.369,85.545,-30.0551],[46.859,82.8162,-26.7923],[25.131,9.50241,23.9577],false,[67.0827,125.467,-2.39229],[29.6529,123.568,-52.9814],[24.9694,82.301,-54.8844],[39.3818,74.9059,-36.4664],[48.4957,83.3357,-26.0445],[[[0.803588,-0.0575039,-0.592401],[0.0283432,0.99789,-0.058417],[0.59451,0.0301527,0.803523]],[[0.774569,-0.0588658,-0.629744],[-0.622377,0.106394,-0.775453],[0.112649,0.99258,0.0457728]],[[0.774569,-0.0588658,-0.629744],[-0.234066,-0.951649,-0.198939],[-0.587585,0.301494,-0.750896]],[[0.774569,-0.0588658,-0.629744],[0.28966,-0.852096,0.435924],[-0.562264,-0.520065,-0.642956]]],2],[13,[0.454304,-0.32216,0.830555],1,55.5735,[67.9938,87.283,-34.2003],[59.8043,86.4457,-31.9105],[11.8327,10.0135,9.36969],false,[75.5306,125.621,-9.56984],[49.1148,124.631,-59.5349],[41.1701,87.1067,-63.2798],[52.0256,79.4088,-43.434],[60.3082,86.3935,-31.5033],[[[0.877878,-0.1275,-0.461599],[0.104621,0.991684,-0.0749478],[0.467316,0.0175022,0.883917]],[[0.848277,-0.12832,-0.513771],[-0.487782,0.188341,-0.852406],[0.206145,0.973684,0.097173]],[[0.848277,-0.12832,-0.513771],[-0.272094,-0.937948,-0.214984],[-0.454304,0.32216,-0.830555]],[[0.848277,-0.12832,-0.513771],[0.127676,-0.892017,0.433594],[-0.513932,-0.433404,-0.740294]]],3],[14,[0.353708,-0.36983,0.859137],1,43.5686,[82.4955,91.7447,-44.7609],[68.8614,91.2549,-42.5067],[-3.94671,9.70018,-5.70956],false,[85.5276,119.658,-14.9967],[67.6119,121.45,-64.1276],[55.8771,93.6618,-68.6337],[61.8443,87.4225,-54.1395],[69.8413,92.023,-42.4803],[[[0.89663,-0.286708,-0.337421],[0.280762,0.957405,-0.0674424],[0.342385,-0.0342641,0.938935]],[[0.839713,-0.279063,-0.465838],[-0.383204,0.303296,-0.872448],[0.384755,0.911117,0.147744]],[[0.839713,-0.279063,-0.465838],[-0.412035,-0.886199,-0.211844],[-0.353708,0.36983,-0.859137]],[[0.839713,-0.279063,-0.465838],[-0.0746977,-0.909055,0.409926],[-0.537868,-0.309423,-0.784191]]],4]],[[0,200,0],[235.247,235.247,147.751]]],[2661,711589102206,[[1,"right",[-0.587549,0.115437,-0.800912],[0.00763267,-0.988937,-0.148137],[44.8611,117.159,-36.7719],[-6.40158,-3.77534,2.76642],[56.2013,118.123,-40.5294],0.628806,1,1,[[0.908124,-0.0259999,-0.417893],[0.242293,0.846615,0.473854],[0.341474,-0.53157,0.775131]],57.7753,[171.561,-19.9861,203.535],[88.3604,109.531,14.6741]]],[[10,[-0.580915,-0.396345,-0.710949],1,44.9536,[4.32867,80.3438,-47.9563],[-1.99373,74.7018,-35.1545],[14.2405,-18.1105,30.858],false,[60.1012,103.639,14.798],[60.1012,103.639,14.798],[20.1018,90.9509,-1.57891],[3.01739,79.2945,-22.4876],[-0.106681,70.7904,-40.5275],[[[0.204124,0.944542,-0.257244],[-0.425315,0.322248,0.845732],[0.881726,-0.0632245,0.467506]],[[-0.121088,0.905802,-0.406031],[-0.44368,0.316519,0.838429],[0.887967,0.281672,0.363559]],[[-0.121088,0.905802,-0.406031],[-0.804907,0.149782,0.574186],[0.580915,0.396345,0.710949]],[[-0.121088,0.905802,-0.406031],[-0.980504,-0.0453731,0.191189],[0.154756,0.421266,0.893636]]],0],[11,[0.565788,-0.32447,0.758026],1,50.7251,[35.1612,84.4575,-27.7662],[33.5397,83.4745,-22.203],[20.4869,3.97849,23.9026],false,[60.1823,122.882,5.45552],[13.3096,119.587,-41.4454],[14.9431,82.9549,-46.8029],[26.7389,76.1902,-30.9992],[33.0844,83.8328,-20.1128],[[[0.699015,0.111211,-0.706407],[-0.113621,0.992557,0.0438272],[0.706023,0.0496271,0.706448]],[[0.819391,0.118563,-0.56084],[-0.571538,0.0937388,-0.815204],[-0.0440805,0.988512,0.144572]],[[0.819391,0.118563,-0.56084],[-0.0921019,-0.938436,-0.332949],[-0.565788,0.32447,-0.758026]],[[0.819391,0.118563,-0.56084],[0.378428,-0.846763,0.373878],[-0.43057,-0.51859,-0.738697]]],1],[12,[0.603231,-0.289942,0.742998],1,57.7972,[53.3231,85.5171,-30.0426],[47.062,82.7545,-26.7342],[26.0105,11.0486,9.75625],false,[67.316,125.602,-2.61757],[29.3174,123.377,-52.7674],[24.9844,82.0579,-54.3389],[39.7805,74.9461,-36.1146],[48.9711,83.5762,-25.9266],[[[0.797034,-0.0539542,-0.60152],[0.0217192,0.997918,-0.0607309],[0.603544,0.03534,0.796546]],[[0.764387,-0.0557281,-0.642345],[-0.636279,0.0958377,-0.765483],[0.10422,0.993836,0.0377985]],[[0.764387,-0.0557281,-0.642345],[-0.227649,-0.95542,-0.188011],[-0.603231,0.289942,-0.742997]],[[0.764387,-0.0557281,-0.642345],[0.306969,-0.844645,0.438571],[-0.566994,-0.532418,-0.628529]]],2],[13,[0.467306,-0.31231,0.827096],1,55.5735,[67.9046,87.2612,-34.2001],[59.9097,86.4546,-32.0065],[11.8538,11.5335,4.24413],false,[75.6795,125.792,-9.89243],[48.6957,124.543,-59.5472],[41.0076,86.9362,-62.9975],[52.1737,79.4737,-43.2343],[60.5349,86.6378,-31.4659],[[[0.873243,-0.123238,-0.471444],[0.0978368,0.992131,-0.0781285],[0.477363,0.0221006,0.878428]],[[0.843047,-0.124342,-0.52327],[-0.499475,0.179865,-0.847451],[0.199491,0.975801,0.0895288]],[[0.843047,-0.124342,-0.52327],[-0.266265,-0.941808,-0.205186],[-0.467306,0.31231,-0.827096]],[[0.843047,-0.124342,-0.52327],[0.141812,-0.887092,0.439269],[-0.518808,-0.44453,-0.730227]]],3],[14,[0.368198,-0.360053,0.8572],1,43.5686,[82.3838,91.7402,-44.7648],[68.8267,91.3172,-42.7111],[1.2607,11.0702,-5.59478],false,[85.6487,119.877,-15.4224],[67.1573,121.462,-64.3468],[55.5712,93.5701,-68.5924],[61.7829,87.4958,-54.1308],[69.8884,92.2541,-42.6108],[[[0.894373,-0.282075,-0.347174],[0.274254,0.958914,-0.0725881],[0.353385,-0.0302929,0.934987]],[[0.836087,-0.275056,-0.474661],[-0.39579,0.296699,-0.869091],[0.37988,0.914502,0.139202]],[[0.836087,-0.275056,-0.474661],[-0.406681,-0.891463,-0.199761],[-0.368198,0.360053,-0.8572]],[[0.836087,-0.275056,-0.474661],[-0.0612094,-0.906596,0.417536],[-0.545172,-0.320043,-0.774829]]],4]],[[0,200,0],[235.247,235.247,147.751]]],[2662,711589117398,[[1,"right",[-0.593915,0.1107,-0.796876],[0.011051,-0.989272,-0.145664],[44.7831,117.118,-36.8131],[-5.13687,-2.72813,-2.70791],[56.0071,118.106,-40.4662],0.622977,1,1,[[0.907311,-0.0265986,-0.419617],[0.242567,0.848285,0.470717],[0.343434,-0.528872,0.77611]],57.7753,[172.313,-19.0514,203.461],[88.6352,109.808,14.3613]]],[[10,[-0.583704,-0.400212,-0.706484],1,44.9536,[4.31378,80.3113,-47.9067],[-1.84708,74.4398,-34.7528],[9.51678,-13.102,20.0328],false,[60.4616,103.8,14.6781],[60.4616,103.8,14.6781],[20.4238,90.9062,-1.44195],[3.25732,79.1361,-22.2193],[0.00941757,70.5793,-40.2124],[[[0.197933,0.944789,-0.261144],[-0.420576,0.322502,0.848002],[0.885403,-0.0580165,0.46119]],[[-0.127356,0.904447,-0.407132],[-0.440202,0.316293,0.840346],[0.888821,0.286243,0.357857]],[[-0.127356,0.904447,-0.407132],[-0.801917,0.14767,0.578898],[0.583704,0.400212,0.706484]],[[-0.127356,0.904447,-0.407132],[-0.978721,-0.0480106,0.1995],[0.16089,0.423876,0.891315]]],0],[11,[0.574047,-0.315072,0.755778],1,50.7251,[35.1448,84.4461,-27.7387],[33.6911,83.3987,-22.0798],[19.4915,7.86323,19.4896],false,[60.3867,123.019,5.28619],[13.1875,119.39,-41.2613],[15.0704,82.733,-46.358],[27.0384,76.1643,-30.6012],[33.3795,83.9957,-19.8471],[[[0.693312,0.112552,-0.711794],[-0.117816,0.992142,0.0421249],[0.710941,0.0546548,0.701124]],[[0.814116,0.120792,-0.568001],[-0.578476,0.083107,-0.811455],[-0.0508123,0.989193,0.137534]],[[0.814116,0.120792,-0.568001],[-0.0876693,-0.94135,-0.325845],[-0.574047,0.315072,-0.755778]],[[0.814116,0.120792,-0.568001],[0.38998,-0.838464,0.38065],[-0.430269,-0.531402,-0.729713]]],1],[12,[0.616989,-0.279255,0.735759],1,57.7972,[53.2717,85.4852,-30.027],[47.2166,82.7256,-26.7416],[30.5597,13.0519,3.14227],false,[67.4487,125.751,-2.8459],[29.0945,123.224,-52.71],[25.0529,81.8636,-53.9476],[40.1865,75.014,-35.9008],[49.4527,83.8135,-25.9285],[[[0.792847,-0.051895,-0.607207],[0.0167302,0.997846,-0.0634359],[0.609191,0.0401363,0.792007]],[[0.754891,-0.0542083,-0.653606],[-0.648606,0.0860083,-0.756249],[0.0972106,0.994819,0.029767]],[[0.754891,-0.0542083,-0.653606],[-0.222407,-0.958686,-0.177361],[-0.616989,0.279255,-0.735759]],[[0.754891,-0.0542083,-0.653606],[0.321469,-0.838069,0.440792],[-0.571662,-0.542864,-0.615224]]],2],[13,[0.476267,-0.302635,0.82558],1,55.5735,[67.819,87.2418,-34.1992],[59.9867,86.4734,-32.112],[12.7033,13.4633,4.45983],false,[75.7578,125.959,-10.1823],[48.4172,124.459,-59.6346],[40.9584,86.7815,-62.7941],[52.3386,79.5501,-43.0672],[60.7362,86.8806,-31.4279],[[[0.870321,-0.120496,-0.477517],[0.0927439,0.992359,-0.0813762],[0.483674,0.0265366,0.874846]],[[0.839752,-0.121871,-0.529117],[-0.507306,0.171252,-0.844579],[0.193542,0.977661,0.0819832]],[[0.839752,-0.121871,-0.529117],[-0.260743,-0.945283,-0.196096],[-0.476267,0.302635,-0.82558]],[[0.839752,-0.121871,-0.529117],[0.152653,-0.882189,0.445466],[-0.52107,-0.454852,-0.722216]]],3],[14,[0.378309,-0.350416,0.856791],1,43.5686,[82.2708,91.737,-44.7692],[68.8134,91.369,-42.8904],[3.91284,11.4143,-3.93405],false,[85.713,120.076,-15.7701],[66.857,121.45,-64.5615],[55.4119,93.4641,-68.5618],[61.7942,87.5523,-54.1071],[69.9622,92.4624,-42.6955],[[[0.893083,-0.278914,-0.353],[0.269346,0.959957,-0.0770445],[0.360353,-0.0262721,0.932446]],[[0.834032,-0.272515,-0.479715],[-0.404441,0.289407,-0.867566],[0.375258,0.917594,0.131158]],[[0.834032,-0.272515,-0.479715],[-0.401589,-0.896071,-0.189164],[-0.378309,0.350416,-0.856791]],[[0.834032,-0.272515,-0.479715],[-0.0507402,-0.903698,0.425153],[-0.549378,-0.33025,-0.76754]]],4]],[[0,200,0],[235.247,235.247,147.751]]],[2663,711589137201,[[1,"right",[-0.597418,0.108714,-0.794527],[0.0127841,-0.989351,-0.144984],[44.8472,117.152,-36.8575],[3.23705,1.71746,-2.24445],[55.8044,118.089,-40.4007],0.618597,1,1,[[0.907253,-0.0267194,-0.419736],[0.241531,0.85011,0.467949],[0.344318,-0.525927,0.777718]],57.7753,[172.783,-18.1435,203.661],[88.8897,109.999,14.17]]],[[10,[-0.584872,-0.401476,-0.704799],1,44.9536,[4.28254,80.2392,-47.7962],[-1.65661,74.3539,-34.585],[9.50622,-0.742912,4.40899],false,[60.7668,103.909,14.579],[60.7668,103.909,14.579],[20.7052,90.9376,-1.41925],[3.50439,79.1304,-22.1471],[0.180098,70.5619,-40.1206],[[[0.194643,0.945058,-0.262641],[-0.417873,0.322142,0.849475],[0.88741,-0.0555943,0.457616]],[[-0.130244,0.904124,-0.406936],[-0.438286,0.315652,0.841588],[0.889349,0.287966,0.355153]],[[-0.130244,0.904124,-0.406936],[-0.800601,0.146209,0.581086],[0.584872,0.401476,0.704799]],[[-0.130244,0.904124,-0.406936],[-0.977711,-0.04895,0.204169],[0.164675,0.424457,0.890347]]],0],[11,[0.578859,-0.308863,0.754669],1,50.7251,[35.1149,84.425,-27.682],[33.8709,83.4029,-22.0561],[14.4696,8.88163,7.45318],false,[60.6084,123.121,5.17341],[13.2284,119.347,-41.1785],[15.2706,82.6768,-46.1198],[27.339,76.2374,-30.3861],[33.6618,84.2023,-19.7197],[[[0.690137,0.113653,-0.714698],[-0.119977,0.991893,0.0418791],[0.713664,0.0568447,0.698178]],[[0.811045,0.122255,-0.572066],[-0.582382,0.0766198,-0.809296],[-0.0551091,0.989537,0.133341]],[[0.811045,0.122255,-0.572066],[-0.0844279,-0.943216,-0.321271],[-0.578859,0.308863,-0.754669]],[[0.811045,0.122255,-0.572066],[0.397659,-0.832444,0.38588],[-0.429037,-0.540454,-0.723766]]],1],[12,[0.621956,-0.271484,0.734484],1,57.7972,[53.1946,85.4381,-30.0011],[47.4064,82.7603,-26.7942],[15.1588,12.3406,4.55473],false,[67.6308,125.863,-2.98942],[29.0796,123.209,-52.6948],[25.2436,81.8245,-53.7547],[40.499,75.1655,-35.7391],[49.7492,84.0856,-25.8596],[[[0.790484,-0.0504823,-0.610398],[0.014124,0.997835,-0.0642338],[0.612319,0.0421545,0.789486]],[[0.752345,-0.0529192,-0.656641],[-0.652276,0.0797648,-0.753773],[0.0922658,0.995408,0.0254927]],[[0.752345,-0.0529192,-0.656641],[-0.217136,-0.960987,-0.171336],[-0.621956,0.271484,-0.734484]],[[0.752345,-0.0529192,-0.656641],[0.329102,-0.833281,0.444223],[-0.570674,-0.550311,-0.609499]]],2],[13,[0.481654,-0.296083,0.82483],1,55.5735,[67.6927,87.2157,-34.1977],[60.1274,86.5321,-32.2208],[11.4725,11.5523,0.350444],false,[75.9093,126.086,-10.3598],[48.371,124.485,-59.699],[41.045,86.7686,-62.7065],[52.554,79.6938,-42.9975],[60.9669,87.1348,-31.4397],[[[0.868647,-0.118805,-0.480975],[0.0900767,0.992514,-0.08248],[0.487173,0.0283214,0.872846]],[[0.837871,-0.12029,-0.532449],[-0.511699,0.1666,-0.842857],[0.190093,0.97866,0.0780373]],[[0.837871,-0.12029,-0.532449],[-0.256868,-0.947557,-0.190142],[-0.481654,0.296083,-0.82483]],[[0.837871,-0.12029,-0.532449],[0.15957,-0.878837,0.449648],[-0.522024,-0.46171,-0.717158]]],3],[14,[0.384686,-0.343775,0.856642],1,43.5686,[82.1,91.7345,-44.7768],[68.9066,91.4558,-43.0364],[7.60445,10.2395,-3.73196],false,[85.8555,120.221,-15.9839],[66.7976,121.516,-64.6989],[55.4275,93.4823,-68.5818],[61.9174,87.6826,-54.1297],[70.121,92.6869,-42.7847],[[[0.89229,-0.277077,-0.356436],[0.266771,0.960529,-0.078845],[0.364213,-0.0247341,0.930987]],[[0.83282,-0.270925,-0.482712],[-0.409188,0.28598,-0.866476],[0.372796,0.919138,0.127311]],[[0.83282,-0.270925,-0.482712],[-0.39803,-0.899121,-0.182081],[-0.384686,0.343775,-0.856642]],[[0.83282,-0.270925,-0.482712],[-0.0442578,-0.901837,0.429804],[-0.551772,-0.336585,-0.763058]]],4]],[[0,200,0],[235.247,235.247,147.751]]],[2664,711589154034,[[1,"right",[-0.600673,0.105508,-0.792502],[0.0134876,-0.989776,-0.141995],[44.864,117.14,-36.8893],[0.997957,-0.718117,-1.89046],[55.6985,118.08,-40.3667],0.614239,1,1,[[0.906834,-0.0290095,-0.420489],[0.24292,0.851245,0.465158],[0.344445,-0.523966,0.778985]],57.7753,[173.007,-17.4757,203.802],[89.0827,110.189,14.0019]]],[[10,[-0.587669,-0.403447,-0.701339],1,44.9536,[4.26958,80.209,-47.7491],[-1.55881,74.2783,-34.3122],[1.87469,-0.188754,12.9173],false,[61.0025,104.076,14.5246],[61.0025,104.076,14.5246],[20.9112,91.0318,-1.3398],[3.6281,79.1666,-21.9659],[0.184129,70.5469,-39.8923],[[[0.192394,0.944493,-0.266304],[-0.414947,0.32422,0.850118],[0.889271,-0.0530555,0.454293]],[[-0.132023,0.903009,-0.408833],[-0.43641,0.317369,0.841916],[0.890009,0.289571,0.352182]],[[-0.132023,0.903009,-0.408833],[-0.798258,0.147666,0.583935],[0.587669,0.403447,0.701339]],[[-0.132023,0.903009,-0.408833],[-0.976455,-0.0474906,0.210428],[0.170603,0.426989,0.888018]]],0],[11,[0.582901,-0.302794,0.754018],1,50.7251,[35.0934,84.4097,-27.6369],[33.974,83.4136,-21.9416],[10.7369,7.086,12.3417],false,[60.7824,123.258,5.06078],[13.2257,119.281,-41.0927],[15.3613,82.5901,-45.8351],[27.5139,76.2773,-30.115],[33.8443,84.3453,-19.5309],[[[0.687179,0.112334,-0.717751],[-0.121087,0.991863,0.0393049],[0.716326,0.0599012,0.69519]],[[0.808312,0.121508,-0.576079],[-0.585927,0.0702443,-0.807314],[-0.0576287,0.990102,0.127974]],[[0.808312,0.121508,-0.576079],[-0.0828143,-0.945279,-0.315579],[-0.582901,0.302794,-0.754018]],[[0.808312,0.121508,-0.576079],[0.402638,-0.827971,0.390315],[-0.429551,-0.547448,-0.718183]]],1],[12,[0.626069,-0.264477,0.733546],1,57.7972,[53.1368,85.4032,-29.9795],[47.5102,82.7758,-26.7446],[10.4761,8.5788,8.65986],false,[67.7691,125.984,-3.13797],[29.0266,123.128,-52.683],[25.3131,81.7272,-53.5166],[40.6694,75.2401,-35.5241],[49.9274,84.2509,-25.7345],[[[0.788145,-0.0513515,-0.613343],[0.0125877,0.99765,-0.0673521],[0.61536,0.0453627,0.78694]],[[0.749828,-0.0539793,-0.659427],[-0.655576,0.073933,-0.751501],[0.0893189,0.995801,0.0200495]],[[0.749828,-0.0539793,-0.659427],[-0.214,-0.96288,-0.164517],[-0.626069,0.264477,-0.733546]],[[0.749828,-0.0539793,-0.659427],[0.333977,-0.829492,0.447663],[-0.571154,-0.555904,-0.603948]]],2],[13,[0.486205,-0.289457,0.824511],1,55.5735,[67.5904,87.1957,-34.1957],[60.1922,86.5448,-32.2352],[7.32111,7.40451,4.19896],false,[76.0184,126.195,-10.5415],[48.2886,124.407,-59.7669],[41.0393,86.6598,-62.5646],[52.6571,79.7433,-42.8632],[61.0962,87.2818,-31.388],[[[0.866904,-0.119176,-0.484019],[0.0884749,0.992369,-0.0858803],[0.490561,0.0316265,0.870833]],[[0.835928,-0.120858,-0.535367],[-0.515598,0.161387,-0.841494],[0.188103,0.979463,0.0725935]],[[0.835928,-0.120858,-0.535367],[-0.254615,-0.94953,-0.183203],[-0.486205,0.289457,-0.824511]],[[0.835928,-0.120858,-0.535367],[0.164371,-0.875551,0.454305],[-0.523647,-0.467764,-0.712032]]],3],[14,[0.389908,-0.337032,0.85696],1,43.5686,[81.9368,91.7331,-44.7841],[68.9277,91.4566,-43.0995],[3.63172,4.43856,-0.388199],false,[85.95,120.326,-16.1866],[66.6992,121.446,-64.8301],[55.3713,93.3722,-68.5408],[61.9493,87.6862,-54.0833],[70.1909,92.7828,-42.8071],[[[0.891239,-0.277034,-0.359089],[0.265223,0.960622,-0.0828418],[0.367898,-0.0214067,0.92962]],[[0.831359,-0.271358,-0.484982],[-0.413393,0.281275,-0.86602],[0.371415,0.920461,0.121663]],[[0.831359,-0.271358,-0.484982],[-0.395997,-0.90154,-0.17439],[-0.389908,0.337032,-0.85696]],[[0.831359,-0.271358,-0.484982],[-0.0395571,-0.899365,0.435405],[-0.554326,-0.342794,-0.758429]]],4]],[[0,200,0],[235.247,235.247,147.751]]],[2665,711589171053,[[1,"right",[-0.601803,0.104845,-0.791733],[0.0124779,-0.98999,-0.140583],[44.8709,117.081,-36.8894],[0.404765,-3.4523,-0.00234183],[55.5776,118.069,-40.3279],0.609664,1,1,[[0.906299,-0.0298583,-0.421581],[0.243001,0.852948,0.461985],[0.345793,-0.521141,0.780282]],57.7753,[173.418,-16.7864,204.066],[89.1653,110.19,13.9507]]],[[10,[-0.589693,-0.403074,-0.699852],1,44.9536,[4.25395,80.1734,-47.6931],[-1.56633,74.2498,-34.1888],[-4.19228,1.98288,3.93655],false,[61.0778,104.078,14.5186],[61.0778,104.078,14.5186],[20.9724,91.0662,-1.33635],[3.62978,79.212,-21.9187],[0.0909684,70.5772,-39.8194],[[[0.192741,0.943952,-0.267965],[-0.413384,0.325781,0.850283],[0.889924,-0.0531123,0.453006]],[[-0.130993,0.902814,-0.409594],[-0.436083,0.318564,0.841634],[0.890321,0.288866,0.351972]],[[-0.130993,0.902814,-0.409594],[-0.796933,0.149859,0.585184],[0.589693,0.403074,0.699852]],[[-0.130993,0.902814,-0.409594],[-0.975761,-0.0443551,0.214295],[0.175301,0.427737,0.886742]]],0],[11,[0.584527,-0.298919,0.754305],1,50.7251,[35.0788,84.3995,-27.6046],[33.9617,83.3771,-21.8755],[4.02867,4.34859,9.28984],false,[60.8585,123.247,5.0274],[13.2279,119.242,-41.0473],[15.394,82.5339,-45.6439],[27.5805,76.3019,-29.9178],[33.9135,84.4341,-19.3844],[[[0.686167,0.110745,-0.718965],[-0.120233,0.992016,0.0380555],[0.717439,0.0603312,0.694003]],[[0.807195,0.120004,-0.577958],[-0.587384,0.0663405,-0.806585],[-0.0584518,0.990554,0.124038]],[[0.807195,0.120004,-0.577958],[-0.0822425,-0.946703,-0.311432],[-0.584527,0.298919,-0.754305]],[[0.807195,0.120004,-0.577958],[0.404691,-0.825294,0.393845],[-0.429722,-0.551804,-0.714738]]],1],[12,[0.627872,-0.259904,0.733639],1,57.7972,[53.0956,85.3786,-29.9629],[47.5095,82.7242,-26.7125],[4.49254,4.80721,7.64986],false,[67.8348,125.956,-3.18599],[29.0141,123.06,-52.6674],[25.3444,81.6516,-53.3459],[40.745,75.2766,-35.3511],[50.0041,84.3462,-25.6171],[[[0.787162,-0.0528703,-0.614475],[0.0132826,0.997541,-0.0688145],[0.616603,0.0460064,0.785929]],[[0.748772,-0.0555339,-0.660497],[-0.656925,0.0705176,-0.750651],[0.0882633,0.995963,0.01632]],[[0.748772,-0.0555339,-0.660497],[-0.212408,-0.964036,-0.159741],[-0.627872,0.259904,-0.733639]],[[0.748772,-0.0555339,-0.660497],[0.33622,-0.826946,0.450684],[-0.571224,-0.559532,-0.600523]]],2],[13,[0.488171,-0.285175,0.824842],1,55.5735,[67.5252,87.1832,-34.1937],[60.1724,86.472,-32.2308],[2.7894,2.55782,5.55173],false,[76.0729,126.149,-10.6025],[48.2662,124.313,-59.7827],[41.0294,86.5525,-62.4383],[52.6941,79.7384,-42.729],[61.1468,87.3398,-31.3054],[[[0.866065,-0.120571,-0.485174],[0.089137,0.992173,-0.0874514],[0.491921,0.0324916,0.870033]],[[0.835009,-0.122303,-0.536472],[-0.517203,0.158276,-0.8411],[0.18778,0.979791,0.0689069]],[[0.835009,-0.122303,-0.536472],[-0.253869,-0.95064,-0.178419],[-0.488171,0.285175,-0.824842]],[[0.835009,-0.122303,-0.536472],[0.166345,-0.873253,0.457994],[-0.52449,-0.471669,-0.70883]]],3],[14,[0.392186,-0.332767,0.857588],1,43.5686,[81.8412,91.7321,-44.7881],[68.9004,91.3711,-43.1146],[1.29533,-0.908687,3.09997],false,[85.9911,120.264,-16.2542],[66.6667,121.329,-64.8698],[55.3391,93.2406,-68.4669],[61.9555,87.6266,-53.9988],[70.2177,92.7805,-42.7638],[[[0.890466,-0.278268,-0.360053],[0.265864,0.960288,-0.0846378],[0.369306,-0.0203581,0.929085]],[[0.830522,-0.272741,-0.485639],[-0.415083,0.27832,-0.866167],[0.371402,0.920951,0.117941]],[[0.830522,-0.272741,-0.485639],[-0.395503,-0.902706,-0.169405],[-0.392186,0.332766,-0.857588]],[[0.830522,-0.272741,-0.485639],[-0.037752,-0.897466,0.439465],[-0.555705,-0.346652,-0.755662]]],4]],[[0,200,0],[235.247,235.247,147.751]]],[2666,711589179614,[[1,"right",[-0.602586,0.104729,-0.791153],[0.0111825,-0.990147,-0.139588],[44.8351,117.008,-36.9215],[-4.18112,-8.49746,-3.75733],[55.517,118.063,-40.3086],0.606362,1,1,[[0.905644,-0.0303888,-0.422948],[0.243107,0.854439,0.459166],[0.34743,-0.518663,0.781205]],57.7753,[173.841,-16.2314,204.218],[89.19,110.141,13.8778]]],[[10,[-0.592047,-0.402045,-0.698456],1,44.9536,[4.24255,80.1487,-47.6538],[-1.63212,74.2224,-34.1348],[-15.7117,5.16174,0.717603],false,[61.0858,104.039,14.4812],[61.0858,104.039,14.4812],[20.9664,91.0836,-1.38481],[3.55462,79.2596,-21.9261],[-0.0612674,70.6204,-39.8092],[[[0.193517,0.943457,-0.269147],[-0.412039,0.327121,0.850421],[0.890379,-0.053672,0.452045]],[[-0.129422,0.902858,-0.409998],[-0.435923,0.319572,0.841335],[0.89063,0.287615,0.352217]],[[-0.129422,0.902858,-0.409998],[-0.795444,0.152343,0.586567],[0.592047,0.402045,0.698456]],[[-0.129422,0.902858,-0.409998],[-0.975278,-0.0412122,0.217106],[0.179119,0.42796,0.88587]]],0],[11,[0.585467,-0.296709,0.754449],1,50.7251,[35.0736,84.3959,-27.593],[33.896,83.3277,-21.8601],[-1.56733,0.544231,8.804],false,[60.8776,123.199,4.97067],[13.1899,119.201,-41.0456],[15.3459,82.4817,-45.5541],[27.552,76.2958,-29.825],[33.9045,84.4419,-19.3143],[[[0.685472,0.109225,-0.719859],[-0.119053,0.992192,0.0371807],[0.7183,0.0602148,0.693123]],[[0.806489,0.118477,-0.579257],[-0.588379,0.0644169,-0.806015],[-0.0581802,0.990865,0.121661]],[[0.806489,0.118477,-0.579257],[-0.0824861,-0.94759,-0.308657],[-0.585467,0.296709,-0.754449]],[[0.806489,0.118477,-0.579257],[0.404685,-0.824879,0.394721],[-0.431051,-0.552755,-0.713202]]],1],[12,[0.628954,-0.257415,0.73359],1,57.7972,[53.0805,85.3696,-29.9567],[47.4486,82.6562,-26.7197],[-1.89991,0.0175105,5.80678],false,[67.8476,125.891,-3.25342],[28.9671,122.989,-52.6876],[25.2896,81.5802,-53.2738],[40.7166,75.2663,-35.2802],[49.9914,84.3495,-25.5738],[[[0.7864,-0.0543996,-0.615318],[0.0143476,0.997455,-0.069847],[0.617551,0.0460993,0.785178]],[[0.747954,-0.057066,-0.661293],[-0.65783,0.06904,-0.749995],[0.0884549,0.99598,0.014099]],[[0.747954,-0.057066,-0.661293],[-0.21209,-0.964615,-0.156642],[-0.628954,0.257415,-0.73359]],[[0.747954,-0.057066,-0.661293],[0.336394,-0.826276,0.451781],[-0.572192,-0.560367,-0.59882]]],2],[13,[0.489373,-0.282696,0.824983],1,55.5735,[67.4963,87.1776,-34.1926],[60.1012,86.3816,-32.2592],[-3.10636,-2.70241,3.99769],false,[76.0775,126.067,-10.6795],[48.2126,124.213,-59.8261],[40.9612,86.4486,-62.3834],[52.6546,79.6937,-42.6707],[61.1241,87.3232,-31.2783],[[[0.865372,-0.122059,-0.486038],[0.0901745,0.99198,-0.0885649],[0.49295,0.0328133,0.869439]],[[0.834256,-0.123807,-0.537298],[-0.51828,0.156457,-0.840778],[0.188158,0.979894,0.0663581]],[[0.834256,-0.123807,-0.537298],[-0.254031,-0.951186,-0.175253],[-0.489373,0.282696,-0.824983]],[[0.834256,-0.123807,-0.537298],[0.166843,-0.872099,0.460008],[-0.525529,-0.473409,-0.706897]]],3],[14,[0.39338,-0.3305,0.857917],1,43.5686,[81.7879,91.7313,-44.7902],[68.8255,91.2657,-43.1581],[-4.6476,-8.33212,1.77706],false,[85.9824,120.165,-16.3365],[66.6038,121.203,-64.9311],[55.2658,93.1069,-68.4363],[61.9024,87.5311,-53.9627],[70.1818,92.7164,-42.7548],[[[0.889735,-0.279656,-0.360784],[0.266868,0.959895,-0.0859202],[0.370343,-0.0198355,0.928683]],[[0.829768,-0.274202,-0.486105],[-0.416284,0.276069,-0.86631],[0.371742,0.921194,0.114928]],[[0.829768,-0.274202,-0.486105],[-0.3959,-0.903097,-0.166372],[-0.39338,0.3305,-0.857917]],[[0.829768,-0.274202,-0.486105],[-0.0371691,-0.896204,0.442083],[-0.556869,-0.348758,-0.753833]]],4]],[[0,200,0],[235.247,235.247,147.751]]],[2667,711589188320,[[1,"right",[-0.603733,0.103024,-0.790502],[0.00978219,-0.990582,-0.13657],[44.7986,116.95,-36.9381],[-4.19594,-6.72394,-1.90083],[55.4537,118.056,-40.2887],0.6042,1,1,[[0.904568,-0.0320558,-0.425123],[0.244518,0.855866,0.455746],[0.349239,-0.516204,0.782027]],57.7753,[174.329,-15.5826,204.347],[89.2374,110.191,13.8066]]],[[10,[-0.594186,-0.402716,-0.696249],1,44.9536,[4.23161,80.1258,-47.6169],[-1.70279,74.22,-33.9538],[-11.9724,5.03927,15.0783],false,[61.1165,104.119,14.478],[61.1165,104.119,14.478],[20.9745,91.1799,-1.34438],[3.49981,79.3362,-21.8208],[-0.180262,70.6545,-39.6702],[[[0.194204,0.942397,-0.272347],[-0.410282,0.330215,0.850074],[0.891041,-0.053349,0.450778]],[[-0.12824,0.901989,-0.412276],[-0.435245,0.322348,0.840627],[0.891132,0.287243,0.351249]],[[-0.12824,0.901989,-0.412276],[-0.794039,0.155681,0.587593],[0.594186,0.402716,0.696249]],[[-0.12824,0.901989,-0.412276],[-0.974844,-0.0382326,0.219583],[0.182299,0.430064,0.884201]]],0],[11,[0.586648,-0.293332,0.754851],1,50.7251,[35.0696,84.3932,-27.584],[33.8374,83.3254,-21.7552],[-2.49424,5.04474,17.2945],false,[60.9158,123.249,4.90915],[13.1494,119.167,-41.0181],[15.2808,82.4292,-45.3802],[27.5115,76.3136,-29.6428],[33.8884,84.4936,-19.1732],[[[0.684443,0.106203,-0.72129],[-0.117814,0.992442,0.0343311],[0.719485,0.0614806,0.691782]],[[0.805568,0.115732,-0.581091],[-0.589705,0.0614041,-0.805281],[-0.0575151,0.991381,0.117713]],[[0.805568,0.115732,-0.581091],[-0.0830924,-0.94898,-0.304193],[-0.586648,0.293332,-0.754851]],[[0.805568,0.115732,-0.581091],[0.404752,-0.823726,0.397054],[-0.432708,-0.555052,-0.71041]]],1],[12,[0.630311,-0.253724,0.733712],1,57.7972,[53.0693,85.3631,-29.9518],[47.3902,82.6241,-26.6411],[-2.67422,3.39677,14.2659],false,[67.8758,125.908,-3.33433],[28.9124,122.901,-52.6969],[25.2181,81.4917,-53.1123],[40.6784,75.2684,-35.1158],[49.9726,84.3873,-25.4616],[[[0.785344,-0.0572213,-0.61641],[0.0154197,0.997218,-0.0729262],[0.618868,0.0477673,0.784041]],[[0.746821,-0.0599827,-0.662315],[-0.659062,0.0663136,-0.749159],[0.088857,0.995994,0.00999201]],[[0.746821,-0.0599827,-0.662315],[-0.212055,-0.965415,-0.151679],[-0.630311,0.253724,-0.733712]],[[0.746821,-0.0599827,-0.662315],[0.336876,-0.824568,0.454536],[-0.573388,-0.562574,-0.595598]]],2],[13,[0.490892,-0.278779,0.825413],1,55.5735,[67.4746,87.1734,-34.1916],[60.031,86.3153,-32.2149],[-3.94831,-0.679557,11.0544],false,[76.0939,126.052,-10.7741],[48.1478,124.08,-59.87],[40.8734,86.3092,-62.2579],[52.6031,79.6478,-42.5349],[61.0948,87.3292,-31.1939],[[[0.864443,-0.124579,-0.48705],[0.0912098,0.991596,-0.0917489],[0.494387,0.0348879,0.868542]],[[0.833242,-0.126447,-0.538255],[-0.519692,0.153225,-0.840501],[0.188753,0.980068,0.0619602]],[[0.833242,-0.126447,-0.538255],[-0.254425,-0.951994,-0.170219],[-0.490892,0.278779,-0.825413]],[[0.833242,-0.126447,-0.538255],[0.167565,-0.869965,0.46377],[-0.526905,-0.476626,-0.703704]]],3],[14,[0.394917,-0.326698,0.858667],1,43.5686,[81.7354,91.7302,-44.7921],[68.7462,91.1607,-43.1427],[-5.84159,-8.77754,7.06441],false,[85.9827,120.12,-16.4289],[66.5271,121.033,-64.9953],[55.1712,92.9261,-68.3555],[61.8337,87.4145,-53.8692],[70.1363,92.652,-42.7029],[[[0.88882,-0.28182,-0.361353],[0.267869,0.959309,-0.0892895],[0.371812,-0.0174329,0.928144]],[[0.828751,-0.276689,-0.486431],[-0.41778,0.27242,-0.866745],[0.372332,0.921537,0.110174]],[[0.828751,-0.276689,-0.486431],[-0.3965,-0.903721,-0.161482],[-0.394917,0.326698,-0.858667]],[[0.828751,-0.276689,-0.486431],[-0.0364502,-0.894064,0.446455],[-0.558429,-0.352269,-0.751042]]],4]],[[0,200,0],[235.247,235.247,147.751]]],[2668,711589205707,[[1,"right",[-0.606008,0.101152,-0.789001],[0.00842844,-0.99101,-0.133524],[44.7458,116.858,-36.9126],[-3.03179,-5.25607,1.46565],[55.3234,118.042,-40.2477],0.603207,1,1,[[0.903464,-0.0340833,-0.427308],[0.245802,0.857863,0.451278],[0.351191,-0.512746,0.783426]],57.7753,[174.898,-14.7022,204.607],[89.33,110.229,13.7253]]],[[10,[-0.595672,-0.403803,-0.694347],1,44.9536,[4.22098,80.1036,-47.5806],[-1.76306,74.1676,-33.6732],[-1.13553,-0.716031,9.70766],false,[61.206,104.171,14.4938],[61.206,104.171,14.4938],[21.0354,91.2315,-1.25487],[3.51693,79.3559,-21.6753],[-0.211018,70.6324,-39.4944],[[[0.194282,0.94136,-0.275853],[-0.40741,0.333244,0.850274],[0.89234,-0.0528075,0.448263]],[[-0.1278,0.901081,-0.414392],[-0.434068,0.324862,0.840268],[0.891769,0.287261,0.349613]],[[-0.1278,0.901081,-0.414392],[-0.792996,0.158105,0.588354],[0.595672,0.403803,0.694347]],[[-0.1278,0.901081,-0.414392],[-0.974456,-0.0362828,0.221629],[0.18467,0.432131,0.8827]]],0],[11,[0.588966,-0.290263,0.754232],1,50.7251,[35.0659,84.3907,-27.5752],[33.792,83.2887,-21.5915],[-0.22446,0.486664,12.2403],false,[60.9948,123.272,4.86629],[13.0867,119.094,-40.9044],[15.2043,82.3365,-45.1105],[27.4833,76.285,-29.3859],[33.8918,84.5132,-18.9735],[[[0.682372,0.103307,-0.723668],[-0.116766,0.992657,0.0316039],[0.721619,0.0629339,0.689424]],[[0.803759,0.113142,-0.584098],[-0.592204,0.0578508,-0.803708],[-0.0571427,0.991893,0.113501]],[[0.803759,0.113142,-0.584098],[-0.0842068,-0.950235,-0.299939],[-0.588966,0.290263,-0.754232]],[[0.803759,0.113142,-0.584098],[0.406052,-0.821874,0.399556],[-0.434848,-0.558321,-0.70653]]],1],[12,[0.632805,-0.249629,0.732969],1,57.7972,[53.0585,85.3567,-29.9468],[47.3392,82.5605,-26.524],[-0.409203,0.946349,9.95416],false,[67.9325,125.899,-3.40627],[28.818,122.776,-52.6421],[25.1319,81.3645,-52.8626],[40.6535,75.2416,-34.8843],[49.9708,84.4166,-25.3059],[[[0.783432,-0.0598878,-0.618585],[0.0161499,0.996972,-0.0760673],[0.621267,0.0496035,0.782027]],[[0.744769,-0.0627544,-0.664365],[-0.661406,0.0628541,-0.747389],[0.08866,0.996048,0.0053056]],[[0.744769,-0.0627544,-0.664365],[-0.211842,-0.966306,-0.146204],[-0.632805,0.249629,-0.732969]],[[0.744769,-0.0627544,-0.664365],[0.338974,-0.821986,0.457641],[-0.574818,-0.56604,-0.590918]]],2],[13,[0.493651,-0.274652,0.825151],1,55.5735,[67.4504,87.1687,-34.1901],[59.9583,86.2201,-32.149],[-2.07295,-1.61664,6.96104],false,[76.1283,126.012,-10.8711],[48.0329,123.914,-59.8765],[40.7448,86.1347,-62.078],[52.5405,79.572,-42.3613],[61.0667,87.3153,-31.0886],[[[0.862856,-0.12692,-0.489255],[0.0918777,0.991219,-0.0950999],[0.497028,0.037106,0.866941]],[[0.8315,-0.128917,-0.540359],[-0.522346,0.149686,-0.839493],[0.189109,0.980293,0.0571248]],[[0.8315,-0.128917,-0.540359],[-0.254786,-0.952863,-0.164733],[-0.493651,0.274652,-0.825151]],[[0.8315,-0.128917,-0.540359],[0.169454,-0.867484,0.467714],[-0.529049,-0.48047,-0.699468]]],3],[14,[0.397924,-0.32239,0.858907],1,43.5686,[81.6319,91.7273,-44.7952],[68.6481,91.0286,-43.1178],[-4.11809,-5.45201,3.86594],false,[85.9944,120.053,-16.5371],[66.3939,120.833,-65.0474],[55.0198,92.7158,-68.2503],[61.733,87.2769,-53.76],[70.0734,92.57,-42.6482],[[[0.887461,-0.283794,-0.363144],[0.268513,0.958769,-0.0930709],[0.374584,-0.0149119,0.927073]],[[0.827103,-0.279002,-0.487912],[-0.420506,0.268814,-0.866553],[0.372927,0.921899,0.105015]],[[0.827103,-0.279002,-0.487912],[-0.396935,-0.904557,-0.155628],[-0.397924,0.32239,-0.858907]],[[0.827103,-0.279002,-0.487912],[-0.0348149,-0.891859,0.450972],[-0.560971,-0.356014,-0.747373]]],4]],[[0,200,0],[235.247,235.247,147.751]]],[2669,711589223032,[[1,"right",[-0.607562,0.0993757,-0.788031],[0.00725941,-0.991406,-0.130619],[44.6201,116.73,-36.8413],[-7.26038,-7.43126,4.11744],[55.1973,118.026,-40.2075],0.602191,1,1,[[0.902457,-0.0356229,-0.429305],[0.246704,0.859703,0.447268],[0.353141,-0.509551,0.784633]],57.7753,[175.353,-13.9304,204.9],[89.3099,110.222,13.7243]]],[[10,[-0.596502,-0.404799,-0.693053],1,44.9536,[4.21281,80.0868,-47.5531],[-1.89558,74.0757,-33.3976],[-5.05963,-2.91646,9.63123],false,[61.1761,104.179,14.5679],[61.1761,104.179,14.5679],[20.9911,91.2401,-1.14467],[3.44821,79.3351,-21.5271],[-0.304333,70.573,-39.322],[[[0.194551,0.940368,-0.279031],[-0.405335,0.336116,0.850135],[0.893226,-0.052294,0.446556]],[[-0.127019,0.900227,-0.416482],[-0.433641,0.327233,0.839568],[0.892088,0.287245,0.348811]],[[-0.127019,0.900227,-0.416482],[-0.792497,0.160402,0.588405],[0.596502,0.404799,0.693053]],[[-0.127019,0.900227,-0.416482],[-0.974326,-0.0345482,0.222474],[0.185889,0.434048,0.881503]]],0],[11,[0.590607,-0.287546,0.75399],1,50.7251,[35.0635,84.3891,-27.5695],[33.6619,83.2122,-21.3972],[-4.77197,-2.42802,14.2144],false,[60.9619,123.252,4.88458],[12.9546,118.982,-40.7736],[15.0682,82.2068,-44.8227],[27.3815,76.2119,-29.1032],[33.8148,84.4804,-18.7381],[[[0.680953,0.100558,-0.725391],[-0.115808,0.992851,0.0289214],[0.723113,0.0643116,0.68773]],[[0.802454,0.11068,-0.58636],[-0.593982,0.0542371,-0.802648],[-0.0570345,0.992375,0.109265]],[[0.802454,0.11068,-0.58636],[-0.0851536,-0.95135,-0.29611],[-0.590607,0.287546,-0.75399]],[[0.802454,0.11068,-0.58636],[0.406822,-0.820347,0.401904],[-0.436536,-0.561053,-0.703318]]],1],[12,[0.634547,-0.246046,0.732674],1,57.7972,[53.0517,85.3528,-29.9434],[47.2078,82.459,-26.3632],[-4.98767,-2.01809,12.5054],false,[67.8847,125.848,-3.41013],[28.6648,122.615,-52.5549],[24.9911,81.2021,-52.5893],[40.5554,75.1671,-34.6181],[49.8879,84.3935,-25.1041],[[[0.782085,-0.0624182,-0.620037],[0.0168867,0.996728,-0.079039],[0.622942,0.0513448,0.780581]],[[0.743324,-0.0653847,-0.665728],[-0.66307,0.0594392,-0.746194],[0.08836,0.996088,0.000827943]],[[0.743324,-0.0653847,-0.665728],[-0.211705,-0.96705,-0.141402],[-0.634547,0.246046,-0.732674]],[[0.743324,-0.0653847,-0.665728],[0.340559,-0.81959,0.460751],[-0.575751,-0.569207,-0.586954]]],2],[13,[0.495543,-0.271112,0.825189],1,55.5735,[67.4313,87.1648,-34.1886],[59.8107,86.0884,-32.0267],[-6.32746,-4.74002,10.3448],false,[76.065,125.931,-10.8923],[47.8655,123.715,-59.8326],[40.5708,85.9267,-61.8565],[52.4117,79.4485,-42.1389],[60.9628,87.2455,-30.9223],[[[0.861719,-0.129141,-0.490676],[0.0925695,0.990851,-0.0982124],[0.49887,0.0392098,0.865789]],[[0.830254,-0.13126,-0.541709],[-0.524262,0.146136,-0.838924],[0.18928,0.980518,0.0525156]],[[0.830254,-0.13126,-0.541709],[-0.255178,-0.953556,-0.160047],[-0.495543,0.271112,-0.825189]],[[0.830254,-0.13126,-0.541709],[0.170724,-0.865279,0.471324],[-0.530595,-0.483802,-0.695992]]],3],[14,[0.399909,-0.318707,0.859359],1,43.5686,[81.5363,91.7237,-44.7971],[68.4843,90.8614,-43.0282],[-7.87285,-8.20286,7.93348],false,[85.914,119.947,-16.5613],[66.2129,120.602,-65.0328],[54.8293,92.4718,-68.0859],[61.5761,87.0949,-53.588],[69.9432,92.4398,-42.5211],[[[0.886446,-0.285665,-0.364155],[0.269179,0.958248,-0.0964559],[0.376505,-0.0125199,0.92633]],[[0.8259