{"metadata":{"formatVersion":2,"generatedBy":"LeapJS Playback 0.2.1","frames":183,"protocolVersion":6,"serviceVersion":"3.2.0+45899","frameRate":"73","modified":"Tue Feb 14 2017 16:05:01 GMT+0100 (Romance Standard Time)"},"frames":[["id","timestamp",{"hands":[["id","type","direction","palmNormal","palmPosition","palmVelocity","stabilizedPalmPosition","pinchStrength","grabStrength","confidence","armBasis","armWidth","elbow","wrist"]]},{"pointables":[["id","direction","handId","length","stabilizedTipPosition","tipPosition","tipVelocity","tool","carpPosition","mcpPosition","pipPosition","dipPosition","btipPosition","bases","type"]]},{"interactionBox":["center","size"]}],[1214,711569296947,[[1,"right",[-0.217412,0.176118,-0.96006],[-0.0406761,-0.984367,-0.171366],[38.7054,120.267,-36.4403],[-1.95212,-13.5463,1.92713],[41.0526,123.384,-40.0037],0.471929,0,1,[[0.863829,0.184458,-0.468802],[0.128209,0.819428,0.55866],[0.487199,-0.542691,0.684196]],62.5505,[187.186,-29.2083,201.121],[64.1812,107.806,28.3797]]],[[10,[0.10738,-0.389254,-0.91485],1,46.6797,[27.532,75.2095,-63.6856],[25.5832,72.4897,-61.6227],[9.37342,-14.7352,11.8544],false,[31.0868,104.88,18.3908],[31.0868,104.88,18.3908],[13.4095,91.3193,-22.626],[16.6887,79.432,-50.5644],[29.7289,71.3812,-64.8666],[[[0.386389,0.914089,-0.123066],[-0.681822,0.372935,0.629316],[0.621146,-0.159252,0.767343]],[[0.158308,0.915125,-0.37079],[-0.911874,0.279534,0.300578],[0.378715,0.29053,0.878731]],[[0.158308,0.915125,-0.37079],[-0.981534,0.105012,-0.159888],[-0.10738,0.389254,0.91485]],[[0.158308,0.915125,-0.37079],[-0.766781,-0.122651,-0.630082],[-0.622081,0.384062,0.682284]]],0],[11,[-0.269716,-0.0969445,-0.958048],1,52.6728,[-7.9273,121.637,-122.494],[-10.9507,116.547,-120.089],[0.801544,-5.38442,1.63422],false,[37.0102,124.627,10.2497],[10.874,126.414,-53.3609],[0.402166,124.868,-90.357],[-5.43691,122.769,-111.098],[-9.52375,120.571,-125.68],[[[0.924884,0.0278014,-0.379233],[-0.0158568,0.999276,0.0345845],[0.37992,-0.0259732,0.924655]],[[0.961632,0.0247157,-0.273226],[-0.0347407,0.998887,-0.0319137],[0.272133,0.0401813,0.96142]],[[0.961632,0.0247157,-0.273226],[-0.0501665,0.994983,-0.0865587],[0.269716,0.0969445,0.958048]],[[0.961632,0.0247157,-0.273226],[-0.0628004,0.98932,-0.131537],[0.267057,0.143649,0.952914]]],1],[12,[-0.220365,-0.0972122,-0.970561],1,60.0165,[13.0259,118.49,-136.492],[11.7226,114.834,-135.207],[-10.8243,-6.55006,2.97179],false,[47.3102,126.549,5.47594],[31.0178,128.384,-57.6694],[21.5041,124.187,-99.5706],[15.8914,121.711,-124.291],[11.8981,117.455,-140.078],[[[0.95677,-0.146726,-0.251124],[0.149079,0.988777,-0.009735],[0.249734,-0.0281232,0.967906]],[[0.967551,-0.147896,-0.204868],[0.123626,0.984214,-0.126649],[0.220365,0.0972122,0.970561]],[[0.967551,-0.147896,-0.204868],[0.123626,0.984214,-0.126649],[0.220365,0.0972122,0.970561]],[[0.967551,-0.147896,-0.204868],[0.086918,0.956133,-0.279742],[0.237254,0.252858,0.937962]]],2],[13,[0.0799329,-0.345365,0.935058],1,57.7074,[49.316,87.6535,-29.4271],[46.863,85.0452,-31.125],[-8.48387,-15.766,2.52019],false,[58.1812,125.726,1.85457],[52.2592,127.285,-56.3982],[42.559,88.7651,-61.2606],[44.5423,80.1958,-38.0598],[48.5429,86.4649,-23.0681],[[[0.969113,-0.223383,-0.104498],[0.22494,0.974367,0.0032079],[0.101103,-0.0266147,0.99452]],[[0.961307,-0.221385,-0.163946],[-0.130905,0.156541,-0.978958],[0.242391,0.96254,0.121503]],[[0.961307,-0.221385,-0.163946],[-0.263629,-0.911982,-0.314306],[-0.0799329,0.345365,-0.935058]],[[0.961307,-0.221385,-0.163946],[-0.136908,-0.900363,0.41304],[-0.239052,-0.374613,-0.895834]]],3],[14,[-0.0301234,-0.363523,0.931098],1,45.2416,[62.4234,92.759,-36.058],[60.1277,89.1786,-38.4292],[-7.21482,-17.1983,2.56656],false,[69.2095,118.441,0.299372],[71.3724,121.933,-53.766],[59.0796,93.5165,-60.4307],[58.5519,87.1481,-44.1193],[62.1668,91.673,-29.8081],[[[0.923724,-0.382864,0.0122249],[0.380977,0.921557,0.0747664],[-0.0398913,-0.0644061,0.997126]],[[0.921253,-0.371502,-0.115238],[-0.025219,0.238597,-0.970791],[0.388146,0.89725,0.210439]],[[0.921253,-0.371502,-0.115238],[-0.387796,-0.854305,-0.346087],[0.0301234,0.363523,-0.931098]],[[0.921253,-0.371502,-0.115238],[-0.310596,-0.880957,0.356993],[-0.234143,-0.293088,-0.926971]]],4]],[[0,200,0],[235.247,235.247,147.751]]],[1215,711569312576,[[1,"right",[-0.217155,0.17683,-0.959987],[-0.042739,-0.984234,-0.171629],[38.68,120.062,-36.3927],[-1.62493,-13.1017,3.0462],[41.021,123.34,-39.9557],0.477507,0,1,[[0.86383,0.18284,-0.469432],[0.129792,0.819588,0.558059],[0.486776,-0.542997,0.684254]],62.5505,[187.041,-29.5512,201.178],[64.1433,107.541,28.4227]]],[[10,[0.109594,-0.38985,-0.914334],1,46.6797,[27.4857,75.0599,-63.5317],[25.4811,72.3319,-61.5839],[8.05502,-13.3679,9.00475],false,[31.0358,104.677,18.4351],[31.0358,104.677,18.4351],[13.37,91.129,-22.5911],[16.7169,79.2234,-50.5138],[29.884,71.1722,-64.6989],[[[0.388271,0.913318,-0.122861],[-0.680975,0.374178,0.629495],[0.620902,-0.16075,0.767229]],[[0.159806,0.914819,-0.370902],[-0.911716,0.280832,0.299846],[0.378466,0.29024,0.878933]],[[0.159806,0.914819,-0.370902],[-0.981046,0.105467,-0.162559],[-0.109594,0.38985,0.914334]],[[0.159806,0.914819,-0.370902],[-0.761515,-0.124837,-0.636011],[-0.628138,0.384086,0.676699]]],0],[11,[-0.269305,-0.0956093,-0.958297],1,52.6728,[-7.94625,121.619,-122.488],[-10.9827,116.488,-120.047],[1.20576,-3.16069,2.29138],false,[36.9991,124.413,10.2987],[10.8595,126.272,-53.3084],[0.408554,124.774,-90.3124],[-5.42163,122.704,-111.059],[-9.50384,120.526,-125.646],[[[0.924896,0.0259847,-0.379331],[-0.0137783,0.999297,0.0348584],[0.37997,-0.0270139,0.924604]],[[0.961864,0.0227706,-0.272579],[-0.0325063,0.998983,-0.0312541],[0.27159,0.0389227,0.961626]],[[0.961864,0.0227706,-0.272579],[-0.0478821,0.995158,-0.0858309],[0.269305,0.0956093,0.958297]],[[0.961864,0.0227706,-0.272579],[-0.0604983,0.989559,-0.130818],[0.266754,0.14232,0.953198]]],1],[12,[-0.221423,-0.0951056,-0.970529],1,60.0165,[12.9097,118.466,-136.457],[11.6837,114.744,-135.169],[-6.48404,-0.509344,3.15011],false,[47.3026,126.315,5.52428],[31.0068,128.201,-57.6187],[21.4475,124.095,-99.5186],[15.8079,121.672,-124.238],[11.7914,117.456,-140.03],[[[0.956435,-0.148643,-0.251273],[0.15113,0.988468,-0.00948274],[0.249785,-0.0289054,0.96787]],[[0.967026,-0.149828,-0.205942],[0.125826,0.984127,-0.125145],[0.221423,0.0951056,0.970529]],[[0.967026,-0.149828,-0.205942],[0.125826,0.984127,-0.125145],[0.221423,0.0951056,0.970529]],[[0.967026,-0.149828,-0.205942],[0.0889852,0.956451,-0.277999],[0.238625,0.250507,0.938245]]],2],[13,[0.0790809,-0.346613,0.934669],1,57.7074,[49.2468,87.5427,-29.3138],[46.7662,84.8221,-31.0814],[-6.59946,-15.6778,1.90048],false,[58.1714,125.47,1.90144],[52.2461,127.057,-56.3503],[42.4655,88.5591,-61.2216],[44.4276,79.9588,-38.0304],[48.4432,86.2175,-23.0383],[[[0.968635,-0.225366,-0.10467],[0.226963,0.973897,0.00344756],[0.101161,-0.0270956,0.994501]],[[0.960826,-0.223335,-0.164116],[-0.130694,0.157067,-0.978902],[0.244401,0.962004,0.121726]],[[0.960826,-0.223335,-0.164116],[-0.265629,-0.911033,-0.315373],[-0.0790809,0.346613,-0.934669]],[[0.960826,-0.223335,-0.164116],[-0.138699,-0.900142,0.412925],[-0.239948,-0.373987,-0.895857]]],3],[14,[-0.0309865,-0.36409,0.930848],1,45.2416,[62.378,92.667,-35.9421],[60.0378,88.9303,-38.3912],[-5.55682,-16.1158,2.6037],false,[69.1844,118.163,0.343],[71.3485,121.665,-53.7216],[58.9964,93.2734,-60.3823],[58.4535,86.8951,-44.0753],[62.0834,91.4215,-29.7683],[[[0.922928,-0.384784,0.0120152],[0.382897,0.920743,0.0749738],[-0.0399117,-0.0645949,0.997113]],[[0.92047,-0.373387,-0.115404],[-0.0249286,0.238596,-0.970799],[0.390018,0.896468,0.210312]],[[0.92047,-0.373387,-0.115404],[-0.389584,-0.853242,-0.346703],[0.0309865,0.36409,-0.930848]],[[0.92047,-0.373387,-0.115404],[-0.312181,-0.880128,0.357656],[-0.235114,-0.293184,-0.926695]]],4]],[[0,200,0],[235.247,235.247,147.751]]],[1216,711569323146,[[1,"right",[-0.216906,0.17697,-0.960017],[-0.0454915,-0.984194,-0.171149],[38.6645,119.944,-36.363],[-1.46714,-11.1102,2.80211],[41.0003,123.31,-39.9242],0.481822,0,1,[[0.863707,0.180565,-0.470538],[0.132052,0.819927,0.55703],[0.486387,-0.543246,0.684333]],62.5505,[186.919,-29.7628,201.227],[64.1192,107.392,28.4513]]],[[10,[0.111104,-0.390948,-0.913682],1,46.6797,[27.4626,74.9717,-63.4401],[25.3525,72.2494,-61.5248],[6.57648,-10.4817,12.5423],false,[30.9915,104.606,18.4739],[30.9915,104.606,18.4739],[13.3229,91.0701,-22.5548],[16.7159,79.131,-50.4576],[29.9746,71.0559,-64.5435],[[[0.390754,0.912187,-0.123393],[-0.679785,0.376351,0.629485],[0.620647,-0.162093,0.767152]],[[0.162163,0.914184,-0.371444],[-0.911274,0.283141,0.299017],[0.378527,0.289997,0.878987]],[[0.162163,0.914184,-0.371444],[-0.980489,0.106897,-0.164967],[-0.111104,0.390948,0.913682]],[[0.162163,0.914184,-0.371444],[-0.757392,-0.125971,-0.640694],[-0.632503,0.385225,0.671968]]],0],[11,[-0.269301,-0.0955938,-0.9583],1,52.6728,[-7.95727,121.607,-122.484],[-11.022,116.48,-120.009],[0.196858,-4.20777,3.02839],false,[37.0072,124.323,10.3267],[10.857,126.223,-53.2749],[0.412013,124.729,-90.2807],[-5.41808,122.659,-111.027],[-9.50219,120.482,-125.613],[[[0.92487,0.0232571,-0.379572],[-0.0110182,0.999348,0.034385],[0.380124,-0.0276195,0.924523]],[[0.961996,0.0199766,-0.272333],[-0.0297837,0.999046,-0.0319248],[0.271435,0.0388226,0.961673]],[[0.961996,0.0199766,-0.272333],[-0.0451769,0.99522,-0.0865811],[0.269301,0.0955938,0.9583]],[[0.961996,0.0199766,-0.272333],[-0.0577936,0.989622,-0.131559],[0.266878,0.142299,0.953167]]],1],[12,[-0.222494,-0.0944266,-0.970351],1,60.0165,[12.8393,118.447,-136.433],[11.6339,114.672,-135.136],[-8.49843,-3.51816,3.63801],false,[47.3147,126.194,5.54877],[31.0085,128.094,-57.591],[21.4029,124.018,-99.4832],[15.736,121.613,-124.198],[11.6962,117.426,-139.992],[[[0.955959,-0.151396,-0.251439],[0.153849,0.988044,-0.00999174],[0.249945,-0.0291319,0.967822]],[[0.966425,-0.152573,-0.206746],[0.128527,0.983771,-0.125203],[0.222494,0.0944266,0.970351]],[[0.966425,-0.152573,-0.206746],[0.128527,0.983771,-0.125203],[0.222494,0.0944266,0.970351]],[[0.966425,-0.152573,-0.206746],[0.0917383,0.956473,-0.277026],[0.240014,0.248759,0.938356]]],2],[13,[0.0782569,-0.346729,0.934695],1,57.7074,[49.2004,87.4693,-29.2412],[46.6553,84.685,-31.035],[-10.455,-13.3839,4.62556],false,[58.1803,125.317,1.92365],[52.2448,126.893,-56.3273],[42.3584,88.4179,-61.1677],[44.3001,79.8148,-37.9758],[48.3377,86.0768,-22.9911],[[[0.967985,-0.228082,-0.104802],[0.229644,0.97327,0.00292677],[0.101333,-0.0269002,0.994489]],[[0.960167,-0.226058,-0.164247],[-0.130569,0.15671,-0.978976],[0.247045,0.961426,0.120952]],[[0.960167,-0.226058,-0.164247],[-0.268245,-0.910317,-0.315227],[-0.0782569,0.346729,-0.934695]],[[0.960167,-0.226058,-0.164247],[-0.140957,-0.899378,0.413824],[-0.241268,-0.374189,-0.895417]]],3],[14,[-0.0318395,-0.36364,0.930995],1,45.2416,[62.3467,92.6041,-35.8672],[59.9366,88.754,-38.3491],[-9.0537,-16.6239,4.35964],false,[69.1727,117.979,0.365977],[71.3329,121.449,-53.7008],[58.9015,93.0859,-60.334],[58.3437,86.7155,-44.0244],[61.9919,91.2469,-29.7237],[[[0.921868,-0.387318,0.0119706],[0.38545,0.919721,0.0744398],[-0.0398415,-0.0640097,0.997154]],[[0.919413,-0.375979,-0.115411],[-0.0246138,0.237866,-0.970986],[0.392523,0.895578,0.209443]],[[0.919413,-0.375979,-0.115411],[-0.392003,-0.852294,-0.346306],[0.0318395,0.36364,-0.930995]],[[0.919413,-0.375979,-0.115411],[-0.314392,-0.878915,0.358701],[-0.236301,-0.29351,-0.92629]]],4]],[[0,200,0],[235.247,235.247,147.751]]],[1217,711569338567,[[1,"right",[-0.217742,0.176044,-0.959999],[-0.0466528,-0.984352,-0.169928],[38.6006,119.706,-36.2934],[-4.14343,-15.4698,4.51791],[40.9703,123.265,-39.8788],0.486331,0,1,[[0.863571,0.179107,-0.471344],[0.13355,0.820155,0.556336],[0.486219,-0.543384,0.684343]],62.5505,[186.865,-29.9895,201.286],[64.1077,107.2,28.5082]]],[[10,[0.112138,-0.392536,-0.912875],1,46.6797,[27.4359,74.8416,-63.3084],[25.2395,72.0033,-61.38],[3.80266,-17.6727,14.427],false,[30.9702,104.441,18.5699],[30.9702,104.441,18.5699],[13.2764,90.854,-22.4313],[16.701,78.8664,-50.3094],[30.0552,70.781,-64.2988],[[[0.391532,0.911649,-0.124891],[-0.678746,0.377778,0.629752],[0.621294,-0.161799,0.76669]],[[0.162517,0.913544,-0.37286],[-0.910987,0.284093,0.298989],[0.379067,0.29108,0.878397]],[[0.162517,0.913544,-0.37286],[-0.980313,0.106546,-0.166237],[-0.112138,0.392536,0.912875]],[[0.162517,0.913544,-0.37286],[-0.753486,-0.129076,-0.644669],[-0.637061,0.385715,0.667366]]],0],[11,[-0.269399,-0.0956944,-0.958263],1,52.6728,[-7.97515,121.584,-122.475],[-11.1628,116.217,-119.896],[-5.19163,-16.3523,6.08209],false,[36.9969,124.141,10.3928],[10.7816,125.992,-53.1834],[0.335963,124.479,-90.1882],[-5.49624,122.407,-110.934],[-9.58282,120.23,-125.52],[[[0.924492,0.0218824,-0.380574],[-0.00998599,0.999399,0.0332057],[0.381071,-0.026898,0.924154]],[[0.962026,0.0186606,-0.27232],[-0.0286521,0.999052,-0.0327599],[0.271451,0.0393184,0.961649]],[[0.962026,0.0186606,-0.27232],[-0.0439412,0.995236,-0.0870334],[0.269399,0.0956944,0.958262]],[[0.962026,0.0186606,-0.27232],[-0.0565356,0.989648,-0.131908],[0.26704,0.142295,0.953122]]],1],[12,[-0.224214,-0.0941816,-0.969978],1,60.0165,[12.704,118.357,-136.38],[11.4676,114.372,-135.04],[-14.2482,-14.9243,6.30225],false,[47.3012,125.996,5.60183],[30.9303,127.838,-57.523],[21.2505,123.772,-99.3991],[15.5398,121.373,-124.104],[11.4695,117.198,-139.894],[[[0.955542,-0.152649,-0.252265],[0.154823,0.987877,-0.0113312],[0.250937,-0.0282289,0.967592]],[[0.965894,-0.153767,-0.208339],[0.129529,0.983608,-0.125446],[0.224214,0.0941816,0.969978]],[[0.965894,-0.153767,-0.208339],[0.129529,0.983608,-0.125446],[0.224214,0.0941816,0.969978]],[[0.965894,-0.153767,-0.208339],[0.0925683,0.956467,-0.276771],[0.241828,0.248046,0.938079]]],2],[13,[0.0786423,-0.346554,0.934727],1,57.7074,[49.1365,87.3647,-29.1429],[46.5629,84.4448,-30.9251],[-6.11353,-16.581,6.32467],false,[58.1621,125.105,1.96631],[52.1668,126.617,-56.2802],[42.2373,88.1456,-61.0612],[44.1886,79.5468,-37.8685],[48.2486,85.8247,-22.8965],[[[0.967646,-0.229172,-0.10555],[0.230617,0.973043,0.00152499],[0.102355,-0.0258172,0.994413]],[[0.959767,-0.227212,-0.164989],[-0.131465,0.155598,-0.979033],[0.24812,0.961335,0.119467]],[[0.959767,-0.227212,-0.164989],[-0.269559,-0.910096,-0.314743],[-0.0786423,0.346554,-0.934727]],[[0.959767,-0.227212,-0.164989],[-0.141384,-0.898692,0.415167],[-0.242605,-0.375137,-0.894659]]],3],[14,[-0.0314719,-0.362969,0.93127],1,45.2416,[62.3021,92.5119,-35.7654],[59.8398,88.4923,-38.2633],[-5.94334,-16.8298,5.41934],false,[69.1455,117.753,0.405797],[71.2522,121.158,-53.6674],[58.7859,92.7965,-60.245],[58.2346,86.4378,-43.9306],[61.9055,90.9928,-29.6432],[[[0.921494,-0.388224,0.0114608],[0.386444,0.919424,0.0729376],[-0.0388534,-0.0627826,0.997271]],[[0.918918,-0.377038,-0.115899],[-0.025481,0.23647,-0.971305],[0.393625,0.895503,0.207689]],[[0.918918,-0.377038,-0.115899],[-0.393191,-0.852113,-0.345405],[0.0314719,0.362969,-0.93127]],[[0.918918,-0.377038,-0.115899],[-0.314727,-0.87795,0.360763],[-0.237774,-0.295035,-0.925428]]],4]],[[0,200,0],[235.247,235.247,147.751]]],[1218,711569356091,[[1,"right",[-0.217536,0.175265,-0.960188],[-0.0478559,-0.984478,-0.168857],[38.5447,119.475,-36.1977],[-3.18916,-13.2006,5.46093],[40.9384,123.215,-39.8303],0.489815,0,1,[[0.863363,0.178246,-0.472051],[0.134688,0.820173,0.556036],[0.486274,-0.543641,0.684099]],62.5505,[186.817,-30.2517,201.328],[64.0458,107.003,28.6112]]],[[10,[0.113494,-0.393906,-0.912117],1,46.6797,[27.4132,74.7024,-63.1696],[25.1478,71.7685,-61.2279],[2.95147,-14.2658,12.3451],false,[30.8962,104.278,18.6822],[30.8962,104.278,18.6822],[13.2154,90.6564,-22.3129],[16.6813,78.627,-50.1678],[30.1282,70.5278,-64.0602],[[[0.392644,0.911034,-0.125886],[-0.678278,0.379291,0.629347],[0.621104,-0.161724,0.766861]],[[0.163578,0.912929,-0.373902],[-0.910912,0.285296,0.29807],[0.37879,0.291834,0.878266]],[[0.163578,0.912929,-0.373902],[-0.97998,0.106767,-0.168046],[-0.113494,0.393906,0.912117]],[[0.163578,0.912929,-0.373902],[-0.749494,-0.131443,-0.64883],[-0.641483,0.386372,0.662734]]],0],[11,[-0.268674,-0.0959341,-0.958442],1,52.6728,[-7.99479,121.552,-122.464],[-11.2121,115.976,-119.807],[0.367828,-14.1588,4.3211],false,[36.9469,123.963,10.4837],[10.7332,125.776,-53.0943],[0.318966,124.24,-90.107],[-5.49756,122.163,-110.856],[-9.57405,119.98,-125.444],[[[0.924514,0.0203401,-0.380605],[-0.0087658,0.999446,0.0321193],[0.381047,-0.0263584,0.92418]],[[0.962293,0.0171643,-0.271472],[-0.0273498,0.999055,-0.0337807],[0.270636,0.0399317,0.961853]],[[0.962293,0.0171643,-0.271472],[-0.0424944,0.99524,-0.0877051],[0.268674,0.0959341,0.958442]],[[0.962293,0.0171643,-0.271472],[-0.0550738,0.989632,-0.13265],[0.26638,0.1426,0.953261]]],1],[12,[-0.225009,-0.094554,-0.969758],1,60.0165,[12.5764,118.209,-136.31],[11.408,114.082,-134.943],[-6.49939,-16.0049,6.16691],false,[47.2534,125.8,5.69059],[30.8842,127.593,-57.436],[21.17,123.511,-99.3027],[15.4391,121.103,-124.002],[11.3516,116.915,-139.784],[[[0.955353,-0.154089,-0.252107],[0.156028,0.987675,-0.0124065],[0.250912,-0.0274833,0.96762]],[[0.965549,-0.155157,-0.208904],[0.130712,0.983354,-0.126208],[0.225009,0.094554,0.969758]],[[0.965549,-0.155157,-0.208904],[0.130712,0.983354,-0.126208],[0.225009,0.094554,0.969758]],[[0.965549,-0.155157,-0.208904],[0.0935014,0.956045,-0.277913],[0.242842,0.248806,0.937616]]],2],[13,[0.0780954,-0.346081,0.934949],1,57.7074,[49.0739,87.2597,-29.047],[46.4645,84.2096,-30.7884],[-5.68739,-13.5891,7.95531],false,[58.1132,124.891,2.05595],[52.1191,126.347,-56.1921],[42.1443,87.8811,-60.9192],[44.082,79.2941,-37.7211],[48.151,85.591,-22.7595],[[[0.967365,-0.230468,-0.105309],[0.231804,0.972762,0.000465179],[0.102333,-0.024861,0.994439]],[[0.959488,-0.228562,-0.16475],[-0.131361,0.1544,-0.979237],[0.249254,0.961207,0.118121]],[[0.959488,-0.228562,-0.16475],[-0.270711,-0.909938,-0.314211],[-0.0780954,0.346081,-0.934949]],[[0.959488,-0.228562,-0.16475],[-0.142352,-0.897874,0.416604],[-0.243145,-0.376274,-0.894035]]],3],[14,[-0.0319553,-0.361897,0.93167],1,45.2416,[62.2579,92.4183,-35.6663],[59.7471,88.2345,-38.1283],[-4.99396,-13.8522,7.76853],false,[69.0876,117.525,0.503338],[71.1979,120.868,-53.5735],[58.6975,92.5109,-60.1058],[58.1377,86.1711,-43.7844],[61.8208,90.7572,-29.5101],[[[0.92102,-0.389335,0.0118751],[0.387567,0.919031,0.0719347],[-0.0389203,-0.0616509,0.997339]],[[0.91846,-0.378291,-0.115441],[-0.0253358,0.235003,-0.971664],[0.394701,0.89536,0.206257]],[[0.91846,-0.378291,-0.115441],[-0.39422,-0.852013,-0.344476],[0.0319553,0.361897,-0.93167]],[[0.91846,-0.378291,-0.115441],[-0.315468,-0.876729,0.363079],[-0.23856,-0.297056,-0.924579]]],4]],[[0,200,0],[235.247,235.247,147.751]]],[1219,711569364567,[[1,"right",[-0.21696,0.17595,-0.960193],[-0.0472296,-0.984362,-0.169707],[38.5637,119.428,-36.166],[2.23818,-5.46637,3.74149],[40.9246,123.193,-39.809],0.490412,0,1,[[0.863525,0.179165,-0.471407],[0.133877,0.819783,0.556806],[0.486211,-0.543927,0.683917]],62.5505,[186.783,-30.4106,201.32],[64.0276,106.916,28.6497]]],[[10,[0.114332,-0.392953,-0.912423],1,46.6797,[27.4039,74.6269,-63.0946],[25.2144,71.7379,-61.244],[11.0725,-1.46468,0.737233],false,[30.885,104.183,18.6959],[30.885,104.183,18.6959],[13.2415,90.595,-22.3266],[16.733,78.5947,-50.1909],[30.2347,70.5214,-64.0452],[[[0.39226,0.911341,-0.124857],[-0.67891,0.378418,0.62919],[0.620655,-0.162039,0.767157]],[[0.163541,0.91336,-0.372864],[-0.911251,0.284668,0.297634],[0.37799,0.291098,0.878855]],[[0.163541,0.91336,-0.372864],[-0.979889,0.106588,-0.16869],[-0.114332,0.392953,0.912423]],[[0.163541,0.91336,-0.372864],[-0.747259,-0.132073,-0.651276],[-0.644095,0.385137,0.660917]]],0],[11,[-0.267698,-0.0955544,-0.958753],1,52.6728,[-8.00287,121.535,-122.458],[-11.1278,115.983,-119.817],[11.4475,-2.96435,-0.407152],false,[36.9312,123.877,10.518],[10.7607,125.729,-53.0766],[0.38295,124.204,-90.1001],[-5.41244,122.136,-110.856],[-9.47347,119.956,-125.449],[[[0.924767,0.0211335,-0.379946],[-0.00930487,0.999414,0.0329423],[0.380419,-0.0269286,0.924422]],[[0.962543,0.017879,-0.270538],[-0.0279255,0.999054,-0.0333317],[0.269686,0.0396381,0.962132]],[[0.962543,0.017879,-0.270538],[-0.0429926,0.995264,-0.0871891],[0.267698,0.0955545,0.958753]],[[0.962543,0.017879,-0.270538],[-0.0555806,0.989644,-0.132347],[0.26537,0.142427,0.953569]]],1],[12,[-0.224494,-0.0948113,-0.969852],1,60.0165,[12.5432,118.148,-136.281],[11.5031,114.124,-134.942],[8.53537,-6.84692,3.1599],false,[47.24,125.723,5.73357],[30.9137,127.56,-57.4029],[21.2218,123.467,-99.2736],[15.5039,121.052,-123.976],[11.4262,116.854,-139.757],[[[0.955607,-0.153386,-0.251571],[0.155526,0.987765,-0.0114788],[0.250254,-0.0281567,0.967771]],[[0.965757,-0.154483,-0.208444],[0.130063,0.983436,-0.126245],[0.224494,0.0948113,0.969852]],[[0.965757,-0.154483,-0.208444],[0.130063,0.983436,-0.126245],[0.224494,0.0948113,0.969852]],[[0.965757,-0.154483,-0.208444],[0.0928587,0.955999,-0.278286],[0.242263,0.2494,0.937608]]],2],[13,[0.0777615,-0.346358,0.934874],1,57.7074,[49.0463,87.2119,-29.0036],[46.499,84.1628,-30.7739],[4.28134,-3.82666,2.22474],false,[58.1028,124.823,2.10572],[52.1484,126.325,-56.1453],[42.1981,87.8555,-60.901],[44.1275,79.2616,-37.7047],[48.1845,85.5585,-22.7399],[[[0.967557,-0.229881,-0.104828],[0.231301,0.972881,0.00143312],[0.101656,-0.0256334,0.994489]],[[0.95972,-0.22793,-0.164273],[-0.130825,0.154895,-0.97923],[0.248641,0.961278,0.118837]],[[0.95972,-0.22793,-0.164273],[-0.269983,-0.909991,-0.314682],[-0.0777615,0.346358,-0.934874]],[[0.95972,-0.22793,-0.164273],[-0.14201,-0.898035,0.416374],[-0.242427,-0.376274,-0.89423]]],3],[14,[-0.032162,-0.362074,0.931594],1,45.2416,[62.2398,92.3785,-35.6241],[59.7855,88.2031,-38.0991],[4.84411,-1.85177,3.42214],false,[69.0821,117.464,0.554623],[71.2282,120.852,-53.518],[58.7473,92.493,-60.0751],[58.1839,86.1501,-43.755],[61.8603,90.7431,-29.4812],[[[0.921212,-0.388869,0.0121917],[0.387042,0.919171,0.0729662],[-0.0395806,-0.0624987,0.99726]],[[0.918738,-0.377724,-0.115088],[-0.0248512,0.235571,-0.971539],[0.394085,0.89545,0.207041]],[[0.918738,-0.377724,-0.115088],[-0.393556,-0.85219,-0.344799],[0.032162,0.362074,-0.931594]],[[0.918738,-0.377724,-0.115088],[-0.314984,-0.876822,0.363274],[-0.238129,-0.297503,-0.924547]]],4]],[[0,200,0],[235.247,235.247,147.751]]],[1220,711569382419,[[1,"right",[-0.215995,0.177358,-0.960151],[-0.0478928,-0.984105,-0.171009],[38.5098,119.245,-36.073],[-3.01617,-10.2662,5.20482],[40.8979,123.15,-39.7678],0.492498,0,1,[[0.863287,0.179641,-0.471662],[0.133908,0.819499,0.557216],[0.486626,-0.544196,0.683407]],62.5505,[186.783,-30.7555,201.288],[63.9234,106.639,28.7463]]],[[10,[0.115564,-0.391925,-0.91271],1,46.6797,[27.3876,74.4721,-62.9436],[25.158,71.6027,-61.2202],[1.30433,-7.2598,4.72058],false,[30.7717,103.935,18.7627],[30.7717,103.935,18.7627],[13.1551,90.4168,-22.2942],[16.6843,78.4479,-50.1672],[30.2795,70.3969,-63.9428],[[[0.393115,0.911178,-0.123354],[-0.679137,0.37817,0.629095],[0.619866,-0.163532,0.767479]],[[0.164659,0.913712,-0.371506],[-0.911288,0.285044,0.29716],[0.377414,0.289619,0.87959]],[[0.164659,0.913712,-0.371506],[-0.979557,0.107353,-0.170126],[-0.115564,0.391925,0.91271]],[[0.164659,0.913712,-0.371506],[-0.743142,-0.132736,-0.655836],[-0.648558,0.384071,0.657162]]],0],[11,[-0.266155,-0.0951338,-0.959224],1,52.6728,[-8.01641,121.501,-122.446],[-11.0971,115.974,-119.785],[4.35275,-5.76207,2.45219],false,[36.8411,123.635,10.6151],[10.7264,125.591,-52.9993],[0.40936,124.089,-90.0407],[-5.35262,122.03,-110.807],[-9.39042,119.854,-125.407],[[[0.925109,0.0208599,-0.379129],[-0.00851242,0.999378,0.0342152],[0.379607,-0.0284255,0.924711]],[[0.963002,0.0174098,-0.26893],[-0.0272514,0.999087,-0.0329054],[0.268111,0.0390167,0.962598]],[[0.963002,0.0174098,-0.26893],[-0.0422842,0.995312,-0.0869803],[0.266155,0.0951338,0.959224]],[[0.963002,0.0174098,-0.26893],[-0.0548466,0.989687,-0.132329],[0.263852,0.142183,0.954026]]],1],[12,[-0.224539,-0.0942945,-0.969892],1,60.0165,[12.4959,118.051,-136.227],[11.5347,114.114,-134.886],[-1.89867,-6.02039,5.19484],false,[47.1556,125.479,5.84191],[30.8847,127.41,-57.3061],[21.1908,123.34,-99.1785],[15.4718,120.938,-123.882],[11.3918,116.749,-139.665],[[[0.955695,-0.15385,-0.250952],[0.156347,0.987651,-0.0100801],[0.249404,-0.0296021,0.967947]],[[0.965665,-0.154994,-0.208492],[0.130668,0.983405,-0.125859],[0.224539,0.0942945,0.969892]],[[0.965665,-0.154994,-0.208492],[0.130668,0.983405,-0.125859],[0.224539,0.0942945,0.969892]],[[0.965665,-0.154994,-0.208492],[0.0934523,0.956054,-0.277898],[0.242402,0.248873,0.937712]]],2],[13,[0.076753,-0.347367,0.934583],1,57.7074,[48.9907,87.1147,-28.9181],[46.4127,83.966,-30.7125],[-4.76466,-10.4987,3.92892],false,[58.0206,124.575,2.22218],[52.1173,126.156,-56.0319],[42.142,87.698,-60.8267],[44.0464,79.0791,-37.6377],[48.0983,85.3697,-22.6688],[[[0.967457,-0.230542,-0.104297],[0.232098,0.972688,0.00287743],[0.100785,-0.0269909,0.994542]],[[0.959672,-0.228508,-0.163746],[-0.12998,0.155799,-0.9792],[0.249267,0.960995,0.119814]],[[0.959672,-0.228508,-0.163746],[-0.27044,-0.909461,-0.31582],[-0.076753,0.347367,-0.934583]],[[0.959672,-0.228508,-0.163746],[-0.142842,-0.898045,0.416066],[-0.242126,-0.375897,-0.89447]]],3],[14,[-0.0330916,-0.362719,0.931311],1,45.2416,[62.2045,92.3004,-35.5439],[59.7103,88.008,-38.017],[-3.95817,-10.0924,4.91819],false,[68.9953,117.208,0.671024],[71.1903,120.665,-53.3953],[58.6925,92.3191,-59.9806],[58.1128,85.9648,-43.6654],[61.7897,90.5645,-29.3939],[[[0.920882,-0.389642,0.0124795],[0.387734,0.918758,0.0744745],[-0.040484,-0.0637435,0.997145]],[[0.918531,-0.37834,-0.114715],[-0.0240029,0.236258,-0.971394],[0.394619,0.895009,0.207929]],[[0.918531,-0.37834,-0.114715],[-0.393961,-0.851642,-0.345688],[0.0330916,0.362719,-0.931311]],[[0.918531,-0.37834,-0.114715],[-0.31556,-0.876412,0.363763],[-0.238164,-0.297929,-0.924401]]],4]],[[0,200,0],[235.247,235.247,147.751]]],[1221,711569390549,[[1,"right",[-0.21476,0.178399,-0.960235],[-0.0479213,-0.983916,-0.172081],[38.5672,119.241,-36.0366],[7.05744,-0.479722,4.47634],[40.8871,123.132,-39.7504],0.492698,0,1,[[0.863534,0.180289,-0.470961],[0.133389,0.818987,0.558092],[0.486329,-0.544753,0.683175]],62.5505,[186.69,-30.9704,201.282],[63.9048,106.565,28.799]]],[[10,[0.116838,-0.390851,-0.913009],1,46.6797,[27.3836,74.3986,-62.8705],[25.2419,71.6303,-61.2477],[14.3982,5.97044,-0.544591],false,[30.7573,103.877,18.7737],[30.7573,103.877,18.7737],[13.19,90.4183,-22.324],[16.7581,78.4822,-50.2062],[30.4094,70.4497,-63.9369],[[[0.39349,0.911207,-0.121928],[-0.679824,0.377689,0.628641],[0.618873,-0.164474,0.768078]],[[0.165585,0.914104,-0.37013],[-0.911557,0.285093,0.296286],[0.376358,0.288334,0.880465]],[[0.165585,0.914104,-0.37013],[-0.97925,0.107935,-0.171521],[-0.116838,0.390851,0.913009]],[[0.165585,0.914104,-0.37013],[-0.740589,-0.132581,-0.658749],[-0.651237,0.383193,0.655022]]],0],[11,[-0.264786,-0.0961442,-0.959502],1,52.6728,[-8.02013,121.484,-122.441],[-10.9142,116.105,-119.832],[21.8213,-3.87541,-1.68505],false,[36.8416,123.584,10.6539],[10.8064,125.611,-52.9909],[0.540872,124.093,-90.0459],[-5.19149,122.011,-110.818],[-9.20815,119.819,-125.421],[[[0.925583,0.0210227,-0.37796],[-0.00831047,0.999345,0.0352335],[0.378453,-0.0294705,0.925151]],[[0.963371,0.0174461,-0.267602],[-0.0273584,0.999069,-0.0333574],[0.266771,0.0394567,0.962952]],[[0.963371,0.0174461,-0.267602],[-0.042468,0.995215,-0.0880031],[0.264786,0.0961442,0.959502]],[[0.963371,0.0174461,-0.267602],[-0.0549925,0.989527,-0.133462],[0.262471,0.14329,0.954241]]],1],[12,[-0.223658,-0.0949547,-0.970031],1,60.0165,[12.4951,118.011,-136.203],[11.7205,114.25,-134.899],[19.4223,-3.63676,2.93719],false,[47.1624,125.43,5.89539],[30.9704,127.43,-57.2707],[21.3146,123.331,-99.1491],[15.618,120.912,-123.856],[11.5532,116.718,-139.642],[[[0.955968,-0.153826,-0.249925],[0.156601,0.987622,-0.00886932],[0.248196,-0.0306597,0.968225]],[[0.96587,-0.155015,-0.207524],[0.130664,0.983338,-0.126384],[0.223658,0.0949547,0.970031]],[[0.96587,-0.155015,-0.207524],[0.130664,0.983338,-0.126384],[0.223658,0.0949547,0.970031]],[[0.96587,-0.155015,-0.207524],[0.0936707,0.955969,-0.278118],[0.241499,0.249187,0.937861]]],2],[13,[0.0757984,-0.347373,0.934659],1,57.7074,[48.969,87.0759,-28.8834],[46.4571,83.9547,-30.6888],[6.02985,2.37359,4.35424],false,[58.0318,124.527,2.28822],[52.2011,126.169,-55.9715],[42.2254,87.715,-60.7951],[44.1061,79.0959,-37.6042],[48.1441,85.3897,-22.6328],[[[0.967529,-0.230672,-0.103334],[0.232332,0.972628,0.00416676],[0.0995444,-0.0280393,0.994638]],[[0.959819,-0.228575,-0.162791],[-0.128875,0.15627,-0.979271],[0.249276,0.960902,0.120533]],[[0.959819,-0.228575,-0.162791],[-0.270189,-0.909442,-0.316089],[-0.0757984,0.347373,-0.934659]],[[0.959819,-0.228575,-0.162791],[-0.143264,-0.897949,0.416128],[-0.241294,-0.376086,-0.894615]]],3],[14,[-0.0339902,-0.362792,0.93125],1,45.2416,[62.1914,92.27,-35.512],[59.7651,88.0042,-37.975],[7.01687,1.62473,5.99236],false,[69.0065,117.159,0.743085],[71.2695,120.67,-53.3169],[58.7735,92.3312,-59.9321],[58.1781,85.9756,-43.618],[61.8443,90.5784,-29.3448],[[[0.92077,-0.389881,0.0132205],[0.387866,0.918585,0.0759013],[-0.0417367,-0.0647599,0.997028]],[[0.918585,-0.378454,-0.113908],[-0.0228767,0.236814,-0.971286],[0.394562,0.894814,0.208876]],[[0.918585,-0.378454,-0.113908],[-0.39376,-0.85156,-0.346118],[0.0339902,0.362792,-0.93125]],[[0.918585,-0.378454,-0.113908],[-0.315926,-0.876294,0.363731],[-0.237472,-0.298131,-0.924513]]],4]],[[0,200,0],[235.247,235.247,147.751]]],[1222,711569408117,[[1,"right",[-0.214691,0.178641,-0.960206],[-0.0487013,-0.983865,-0.172154],[38.5115,119.086,-35.9308],[-3.1699,-8.84457,6.02492],[40.8664,123.097,-39.7172],0.495061,0,1,[[0.86368,0.179736,-0.470905],[0.134138,0.818608,0.558469],[0.485864,-0.545505,0.682906]],62.5505,[186.511,-31.3442,201.316],[63.8433,106.381,28.9007]]],[[10,[0.117884,-0.39089,-0.912857],1,46.6797,[27.38,74.2875,-62.7579],[25.1688,71.4941,-61.1393],[2.35262,-7.22705,9.47225],false,[30.6937,103.723,18.8789],[30.6937,103.723,18.8789],[13.1304,90.2864,-22.2276],[16.7305,78.3491,-50.1052],[30.4714,70.3245,-63.751],[[[0.394192,0.91091,-0.121887],[-0.679484,0.378171,0.62872],[0.618801,-0.165016,0.76802]],[[0.166448,0.914039,-0.369902],[-0.911436,0.285766,0.29601],[0.37627,0.287872,0.880654]],[[0.166448,0.914039,-0.369902],[-0.978978,0.108338,-0.172813],[-0.117884,0.39089,0.912857]],[[0.166448,0.914039,-0.369902],[-0.736616,-0.134121,-0.662879],[-0.655509,0.38281,0.650972]]],0],[11,[-0.26412,-0.0974482,-0.959554],1,52.6728,[-8.02726,121.448,-122.428],[-10.9576,116.026,-119.74],[-0.211299,-12.1521,5.78823],false,[36.7927,123.426,10.7602],[10.7545,125.479,-52.8825],[0.515169,123.922,-89.9432],[-5.20276,121.813,-110.717],[-9.20961,119.601,-125.319],[[[0.925572,0.0203299,-0.378025],[-0.0075284,0.999348,0.0353113],[0.378497,-0.0298372,0.925122]],[[0.963574,0.0166904,-0.266921],[-0.026871,0.999042,-0.0345339],[0.266089,0.0404484,0.963099]],[[0.963574,0.0166904,-0.266921],[-0.0420263,0.995101,-0.0894902],[0.26412,0.0974482,0.959554]],[[0.963574,0.0166904,-0.266921],[-0.0545061,0.989359,-0.134901],[0.261829,0.144536,0.95423]]],1],[12,[-0.224405,-0.0961592,-0.96974],1,60.0165,[12.4725,117.904,-136.142],[11.6594,114.149,-134.8],[-6.32506,-13.2176,7.38825],false,[47.1146,125.265,6.00109],[30.9196,127.283,-57.1637],[21.2315,123.131,-99.0295],[15.5159,120.682,-123.729],[11.4394,116.485,-139.511],[[[0.95583,-0.154552,-0.250006],[0.157371,0.9875,-0.00880447],[0.248242,-0.0309281,0.968204]],[[0.965647,-0.155743,-0.208014],[0.131027,0.983106,-0.127805],[0.224405,0.0961592,0.96974]],[[0.965647,-0.155743,-0.208014],[0.131027,0.983106,-0.127805],[0.224405,0.0961592,0.96974]],[[0.965647,-0.155743,-0.208014],[0.0941697,0.955816,-0.278474],[0.242194,0.249319,0.937647]]],2],[13,[0.075736,-0.347032,0.93479],1,57.7074,[48.9324,87.0103,-28.8245],[46.3762,83.7928,-30.5748],[-4.10783,-7.74659,7.15285],false,[57.983,124.353,2.39305],[52.1494,126.005,-55.8661],[42.147,87.5542,-60.6637],[44.0262,78.9436,-37.4696],[48.0743,85.2585,-22.5098],[[[0.967341,-0.231419,-0.103422],[0.233091,0.972446,0.00422494],[0.0995947,-0.0281938,0.994629]],[[0.959629,-0.229312,-0.162878],[-0.129004,0.155755,-0.979336],[0.249942,0.96081,0.119885]],[[0.959629,-0.229312,-0.162878],[-0.270882,-0.909387,-0.315654],[-0.075736,0.347032,-0.93479]],[[0.959629,-0.229312,-0.162878],[-0.143525,-0.897232,0.417582],[-0.241896,-0.377347,-0.893922]]],3],[14,[-0.0340421,-0.362307,0.931437],1,45.2416,[62.1674,92.2147,-35.4548],[59.6874,87.8356,-37.8621],[-3.90126,-8.45534,6.67939],false,[68.9519,116.977,0.846556],[71.2137,120.491,-53.2133],[58.6959,92.1569,-59.8099],[58.0995,85.8098,-43.4925],[61.7788,90.435,-29.2299],[[[0.920467,-0.3906,0.0131235],[0.388588,0.918277,0.075944],[-0.0417147,-0.0648043,0.997026]],[[0.918287,-0.37917,-0.113927],[-0.0229483,0.236297,-0.97141],[0.39525,0.894647,0.208287]],[[0.918287,-0.37917,-0.113927],[-0.394449,-0.851448,-0.34561],[0.0340421,0.362307,-0.931437]],[[0.918287,-0.37917,-0.113927],[-0.316157,-0.875489,0.365465],[-0.238315,-0.299583,-0.923827]]],4]],[[0,200,0],[235.247,235.247,147.751]]],[1223,711569425522,[[1,"right",[-0.214281,0.178295,-0.960362],[-0.0504607,-0.983907,-0.171407],[38.4913,118.938,-35.8446],[-1.16039,-8.50264,4.95297],[40.8479,123.064,-39.687],0.497412,0,1,[[0.8638,0.17827,-0.471243],[0.13566,0.818476,0.558296],[0.485228,-0.546184,0.682815]],62.5505,[186.306,-31.664,201.387],[63.7993,106.233,28.9949]]],[[10,[0.118924,-0.391867,-0.912303],1,46.6797,[27.3792,74.2092,-62.6767],[25.0899,71.3585,-61.0116],[2.69863,-7.66458,10.6966],false,[30.6408,103.631,18.9761],[30.6408,103.631,18.9761],[13.0805,90.1961,-22.1322],[16.7123,78.2289,-49.9929],[30.5378,70.1872,-63.5427],[[[0.395846,0.910104,-0.122545],[-0.678857,0.379876,0.628368],[0.618432,-0.165546,0.768203]],[[0.168282,0.913486,-0.370439],[-0.911125,0.287566,0.295222],[0.376207,0.287836,0.880692]],[[0.168282,0.913486,-0.370439],[-0.978539,0.10947,-0.174579],[-0.118924,0.391867,0.912303]],[[0.168282,0.913486,-0.370439],[-0.732585,-0.135545,-0.667044],[-0.659546,0.383629,0.646396]]],0],[11,[-0.263585,-0.0992116,-0.959521],1,52.6728,[-8.03301,121.408,-122.414],[-10.9559,115.932,-119.672],[1.92111,-13.1815,4.41853],false,[36.7761,123.317,10.843],[10.7474,125.368,-52.8037],[0.53173,123.749,-89.8682],[-5.17463,121.601,-110.641],[-9.17458,119.366,-125.242],[[[0.925641,0.0183714,-0.377955],[-0.00572857,0.999387,0.0345479],[0.378358,-0.0298138,0.925179]],[[0.963783,0.0147295,-0.266279],[-0.0253921,0.999006,-0.0366442],[0.265475,0.0420785,0.963199]],[[0.963783,0.0147295,-0.266279],[-0.0405513,0.994957,-0.091736],[0.263585,0.0992116,0.959521]],[[0.963783,0.0147295,-0.266279],[-0.0529397,0.98917,-0.136895],[0.261379,0.146034,0.954125]]],1],[12,[-0.224753,-0.0975307,-0.969522],1,60.0165,[12.4499,117.781,-136.079],[11.6429,113.99,-134.718],[-1.94578,-14.3897,5.59713],false,[47.1018,125.133,6.08336],[30.9161,127.132,-57.0844],[21.213,122.921,-98.9408],[15.4885,120.437,-123.635],[11.4036,116.233,-139.413],[[[0.955572,-0.156467,-0.2498],[0.159153,0.987208,-0.00954361],[0.248098,-0.0306368,0.96825]],[[0.965357,-0.15764,-0.20793],[0.132556,0.982668,-0.129582],[0.224753,0.0975307,0.969522]],[[0.965357,-0.15764,-0.20793],[0.132556,0.982668,-0.129582],[0.224753,0.0975307,0.969522]],[[0.965357,-0.15764,-0.20793],[0.0958381,0.955388,-0.279372],[0.242694,0.249766,0.937399]]],2],[13,[0.0751231,-0.346127,0.935175],1,57.7074,[48.9046,86.9606,-28.7795],[46.2939,83.6348,-30.4484],[-4.29358,-7.99518,8.58173],false,[57.9688,124.199,2.47702],[52.1434,125.817,-55.7839],[42.0774,87.3746,-60.5136],[43.9413,78.7864,-37.3098],[48.0026,85.1247,-22.3636],[[[0.966932,-0.233242,-0.103156],[0.234845,0.972026,0.00350426],[0.0994535,-0.0276142,0.994659]],[[0.959228,-0.231167,-0.162615],[-0.128888,0.15427,-0.979586],[0.251534,0.960605,0.118186]],[[0.959228,-0.231167,-0.162615],[-0.272467,-0.909262,-0.314649],[-0.0751231,0.346127,-0.935175]],[[0.959228,-0.231167,-0.162615],[-0.14487,-0.896167,0.419402],[-0.242682,-0.378745,-0.893117]]],3],[14,[-0.0348543,-0.361481,0.931728],1,45.2416,[62.1463,92.1659,-35.4052],[59.6127,87.6501,-37.7425],[-4.13439,-10.3895,7.54655],false,[68.9245,116.802,0.937164],[71.1975,120.271,-53.1252],[58.6302,91.9483,-59.6773],[58.0196,85.6157,-43.3548],[61.7092,90.2581,-29.1004],[[[0.91976,-0.39225,0.0135063],[0.390237,0.917632,0.075279],[-0.041922,-0.0639679,0.997071]],[[0.917619,-0.380924,-0.11346],[-0.0226586,0.234862,-0.971765],[0.396816,0.89428,0.206882]],[[0.917619,-0.380924,-0.11346],[-0.395931,-0.851016,-0.344979],[0.0348543,0.361481,-0.931728]],[[0.917619,-0.380924,-0.11346],[-0.317586,-0.874344,0.366962],[-0.238987,-0.300698,-0.923291]]],4]],[[0,200,0],[235.247,235.247,147.751]]],[1224,711569442982,[[1,"right",[-0.214442,0.177562,-0.960462],[-0.0507398,-0.984035,-0.170591],[38.466,118.758,-35.7615],[-1.45159,-10.2919,4.75912],[40.8296,123.031,-39.6568],0.499345,0,1,[[0.864276,0.177472,-0.470671],[0.136198,0.818179,0.5586],[0.484229,-0.546888,0.682961]],62.5505,[186.029,-31.9871,201.511],[63.7744,106.088,29.0819]]],[[10,[0.11969,-0.392658,-0.911863],1,46.6797,[27.3808,74.1378,-62.6029],[25.0681,71.1675,-60.8811],[4.15977,-10.3665,10.576],false,[30.6233,103.499,19.0734],[30.6233,103.499,19.0734],[13.0643,90.0373,-22.027],[16.7195,78.046,-49.8743],[30.63,70.0068,-63.3383],[[[0.396044,0.909905,-0.123374],[-0.67863,0.380557,0.628202],[0.618555,-0.16507,0.768207]],[[0.168561,0.913168,-0.371094],[-0.911085,0.28802,0.294904],[0.37618,0.288389,0.880523]],[[0.168561,0.913168,-0.371094],[-0.978397,0.109289,-0.175484],[-0.11969,0.392658,0.911863]],[[0.168561,0.913168,-0.371094],[-0.728851,-0.13799,-0.670623],[-0.663599,0.383514,0.642304]]],0],[11,[-0.263197,-0.100789,-0.959463],1,52.6728,[-8.03853,121.362,-122.399],[-10.9858,115.716,-119.587],[0.0307878,-17.2172,4.84931],false,[36.7618,123.176,10.9228],[10.72,125.181,-52.72],[0.519583,123.496,-89.7857],[-5.17836,121.314,-110.557],[-9.17277,119.061,-125.157],[[[0.925566,0.0178338,-0.378167],[-0.0054747,0.999416,0.0337316],[0.378548,-0.0291504,0.925123]],[[0.963893,0.0142549,-0.26591],[-0.0253767,0.998939,-0.0384365],[0.265079,0.0437966,0.963231]],[[0.963893,0.0142549,-0.26591],[-0.0404779,0.994806,-0.0933982],[0.263197,0.100789,0.959463]],[[0.963893,0.0142549,-0.26591],[-0.0527391,0.989006,-0.138155],[0.261017,0.14719,0.954047]]],1],[12,[-0.225576,-0.0993401,-0.969148],1,60.0165,[12.4163,117.628,-136.011],[11.5992,113.755,-134.631],[-5.35704,-18.9562,6.25539],false,[47.0869,124.986,6.15954],[30.8882,126.937,-57.0064],[21.1496,122.648,-98.8466],[15.4042,120.118,-123.531],[11.3073,115.899,-139.302],[[[0.95548,-0.156908,-0.249875],[0.159394,0.98716,-0.010385],[0.248296,-0.029906,0.968222]],[[0.965179,-0.158038,-0.208453],[0.132454,0.982423,-0.131531],[0.225576,0.0993401,0.969148]],[[0.965179,-0.158038,-0.208453],[0.132454,0.982423,-0.131531],[0.225576,0.0993401,0.969148]],[[0.965179,-0.158038,-0.208453],[0.0958273,0.955089,-0.280397],[0.243405,0.250658,0.936976]]],2],[13,[0.0752965,-0.345181,0.935511],1,57.7074,[48.8826,86.9197,-28.7426],[46.2629,83.4577,-30.3267],[-1.31611,-9.14273,8.18498],false,[57.9529,124.046,2.55166],[52.1155,125.617,-55.7094],[42.044,87.1679,-60.3673],[43.9123,78.6032,-37.1552],[47.9814,84.9721,-22.2242],[[[0.966852,-0.233565,-0.103171],[0.235086,0.971971,0.00265919],[0.0996584,-0.0268251,0.99466]],[[0.959136,-0.231536,-0.162629],[-0.129303,0.152567,-0.979798],[0.251671,0.960788,0.116394]],[[0.959136,-0.231536,-0.162629],[-0.272741,-0.909528,-0.313642],[-0.0752965,0.345181,-0.935511]],[[0.959136,-0.231536,-0.162629],[-0.144686,-0.895295,0.421323],[-0.243153,-0.380576,-0.89221]]],3],[14,[-0.034942,-0.360957,0.931927],1,45.2416,[62.1273,92.1205,-35.36],[59.5806,87.4653,-37.6326],[-1.89989,-10.6081,6.77622],false,[68.9064,116.645,1.01552],[71.1688,120.069,-53.0501],[58.5939,91.7393,-59.5564],[57.9817,85.4158,-43.2305],[61.6774,90.0773,-28.9839],[[[0.919666,-0.392466,0.0136316],[0.390479,0.917597,0.0744453],[-0.0417256,-0.0631419,